   7.82713188861804e-01   7.10344446867892e-01   7.45394823180763e-01   7.86197602187042e-01   6.82680823071679e-01   7.97852267225827e-01   6.46567179794028e-01   6.92195631554545e-01   7.90269121759914e-01   7.14593309628424e-01   6.84920818040950e-01   8.35893727636930e-01   8.06679204234429e-01   8.27627632184930e-01   8.03509319261645e-01
   7.92292941300952e-01   7.46339301288306e-01   7.06361097289775e-01   4.87348450237120e-01   7.36349382284178e-01   8.08954511492575e-01   7.04588534333566e-01   6.67978711031979e-01   5.17743069618712e-01   6.34849832515009e-01   6.13521349539587e-01  -1.63648631461111e-01   5.01951898132470e-01   8.24793995146596e-01   5.49508586744776e-01
   7.90898706139197e-01   6.84600687131166e-01   7.54096341997967e-01   7.81485278303108e-01   6.64878838619018e-01   8.00961738985352e-01   6.10357861132417e-01   6.99400898389678e-01   7.73557381856964e-01   7.17810882578168e-01   6.86494435743492e-01   8.17106490020341e-01   8.20897125890602e-01   8.09116234453539e-01   7.96025512642792e-01
   7.14969759205949e-01   7.59143282345611e-01   7.47880339746569e-01   7.81554221942302e-01   7.45727890297111e-01   7.19088286368637e-01   7.17217825097511e-01   6.91695340962060e-01   7.74969486092867e-01   6.61678632096046e-01  -3.08526128019094e-02   7.61539297891566e-01   8.18877608290750e-01   7.42319547376138e-01   7.98090038088357e-01
   7.98023331465914e-01   7.58669354016795e-01   6.32963359226782e-01   7.83314287046891e-01   7.44965239160132e-01  -1.78775072673409e-01   7.15457004228462e-01   5.76900317770079e-01   7.77537137203063e-01   5.41118098915652e-01   3.93608729468343e-01   8.43669342615511e-01   8.20900712096481e-01   8.35026546155527e-01   7.99948784236207e-01
  -1.75234112491633e-01   7.55689170512120e-01   6.45349935914205e-01   7.83194072562038e-01   7.42151297760384e-01   8.06064415988354e-01   7.13336831623616e-01   5.61027382781118e-01   7.75310171843982e-01   5.04159499238468e-01   4.52331787240277e-01   8.40495935958033e-01   8.19849257463398e-01   8.31756680991617e-01   7.97129254769556e-01
   7.67266120711064e-01   6.57072550177187e-01   7.35769479945640e-01  -1.05740112553521e-02   6.47002301858191e-01   7.83200194125354e-01   6.18132930576403e-01   6.85227854156646e-01   6.84188295477227e-01   6.71722195203209e-01   6.17254116606646e-01   8.08315606678753e-01   7.14236948612820e-01   8.04916920174176e-01   7.04428145058213e-01
   7.61605695744547e-01   6.49144586606146e-01   8.27674407886237e-01   7.75652299990427e-01   6.10380008931196e-01   7.79754712825134e-01   6.04586164375208e-01   2.72571739548439e-01   7.61871587598007e-01   7.74716222780708e-01   7.37282255834422e-01   8.11014969376008e-01   8.00650284073609e-01   8.08197892392106e-01   7.82470423779935e-01
   7.82943423784441e-01   7.10412409523269e-01   7.45268565347895e-01   7.86197136512803e-01   6.82768257150325e-01   7.98058083569276e-01   6.46680902048256e-01   6.92099144778716e-01   7.90316898048816e-01   7.14579237586022e-01   6.84864679563305e-01   8.36057838429385e-01   8.06736618349906e-01   8.27853159878850e-01   8.03576784677611e-01
   7.89904358388575e-01   6.85145455483757e-01   7.54684304437230e-01   7.82111890326308e-01   6.65439058137027e-01   7.99868943882748e-01   6.10955712541206e-01   7.00696255427224e-01   7.73919387983748e-01   7.18460754999819e-01   6.87333946868928e-01   8.15492925359951e-01   8.21297682662932e-01   8.07508049555042e-01   7.96499505048890e-01
   7.64407096952852e-01   7.55171065688791e-01   7.35186191458647e-01   7.69773960168539e-01   7.54712828215023e-01   7.83229985836201e-01  -1.80203854077713e-01   6.56300805145516e-01   7.55323164016906e-01   6.64581839715341e-01   5.82292598292019e-01   8.09485377151176e-01   7.93720576792384e-01   8.07846216663780e-01   7.77505807076969e-01
   6.98684400696947e-01   7.52037368420998e-01   6.80663563738896e-01  -1.81576957714118e-01   7.41243386901426e-01   7.19173933792007e-01   7.09714335713313e-01   6.36372785222944e-01   6.75233512165846e-01   6.01725074761739e-01   5.77469954659533e-01   7.76269426454483e-01   7.09276173092741e-01   7.43719916815875e-01   6.95527077054527e-01
  -1.52170205194199e-01   6.49601832143168e-01   7.54990958241572e-01   4.79802529748988e-01   6.33407066274842e-01   8.06068540444543e-01   6.02411891350473e-01   6.99894222134786e-01   5.89501980847919e-01   7.16003178720842e-01   6.92110636073054e-01   8.37307204296954e-01   5.48028385366404e-01   8.25534837471062e-01   5.55864098749803e-01
   7.69092230742306e-01   5.95256838606890e-01   7.56979484757920e-01   7.71150328633444e-01   5.27074857317469e-01   7.84504842556273e-01   5.54002805137792e-01   7.19943116472911e-01   3.32715820882408e-01   7.16739599351208e-01   6.98856216044687e-01   8.15733093745276e-01   8.21000264225788e-01   8.11467190082170e-01   8.04770252471634e-01
   7.62096472144333e-01   6.51492528863919e-01   8.29360362857813e-01   7.75645074663998e-01   6.01575409337316e-01   7.79186316354542e-01   5.86603879673831e-01   7.76641867914689e-01   7.60162904177348e-01   7.75818792597657e-01   2.74440687399376e-01   8.11067377344858e-01   7.99288879064866e-01   8.08346426802510e-01   7.81325096227151e-01
   6.92752688395032e-01   6.78390632828716e-01   7.72122095873956e-01   5.97717601103914e-01   6.65360448132658e-01   6.98237676623243e-01  -2.55479426153185e-01   7.34205948807504e-01   6.22438002593759e-01   7.16416311121765e-01   6.96946903943462e-01   6.14877483900521e-01   6.22587011375240e-01   7.24215447187631e-01   6.43077393050845e-01
   7.77467564209351e-01   7.58523906491143e-01   6.08511061353880e-01   7.92837563018423e-01   7.44758525369656e-01   7.93157650975256e-01   7.13788148241174e-01   5.62301328574457e-01  -1.78725048996832e-01   5.22467294635919e-01   3.93258876954059e-01   8.30320321182356e-01   8.50577788091198e-01   8.21176529019905e-01   8.17569749116187e-01
   7.92323067556709e-01   7.52518682443044e-01   6.24983609114756e-01   7.87677880788605e-01   7.39600306616405e-01   8.05081513975845e-01   7.07045532018675e-01   5.67191673330404e-01   7.96219088987772e-01   5.30140023586765e-01   4.90347908276778e-01   8.41521736583712e-01   8.46810617446822e-01   8.34185632686084e-01  -2.01060615142466e-01
   7.67883503899085e-01   6.47327320522595e-01   8.28947352820862e-01   7.70017282006931e-01   6.11958100302420e-01   7.86744836478120e-01   6.03461805814591e-01   2.71561856388023e-01   7.56331334753088e-01   7.75660444754833e-01   7.35389537266681e-01   8.15429229313802e-01   7.93730230289150e-01   8.12883909213397e-01   7.78257744383107e-01
   6.47377485099374e-01   7.45587881366528e-01   7.35822929562012e-01   5.95334137429163e-01   7.30405700000483e-01   6.67519575755258e-01   7.03210616322678e-01   6.93409469990637e-01   6.24927861257210e-01  -7.91410695813803e-02   5.92514005531898e-01   6.62674038618039e-01   6.40806774395591e-01   6.96793814708544e-01   6.49191292183020e-01
   6.41985471488643e-01   7.62111548180366e-01   7.50214596513123e-01   6.44297887347111e-01   7.43924621827302e-01   6.58795836772837e-01   7.14877453743267e-01   7.05256227234103e-01   6.61439103350912e-01  -6.65004967984148e-02   6.08545751672016e-01   6.56034550955400e-01   6.88569958860784e-01   6.94232893026947e-01   6.92272651352258e-01
   7.97978599851339e-01   7.58803801856782e-01   6.33187811934401e-01   7.83261760470843e-01   7.45098948917570e-01  -1.78434654032242e-01   7.15682365283752e-01   5.77247574651067e-01   7.77527319215646e-01   5.41447977908004e-01   3.93987861270903e-01   8.43575273122439e-01   8.20891015882526e-01   8.34936020485461e-01   7.99940906362577e-01
  -1.08353258324567e-01   7.26930797775727e-01   7.36845576524434e-01   5.63969101128755e-01   7.14839413173630e-01   7.91022201254250e-01   6.78997383335270e-01   6.75345767122236e-01   6.58850743421607e-01   7.01221833210428e-01   6.57210467881551e-01   8.23001484433970e-01   6.28773052125459e-01   8.05503679018174e-01   6.23756081543979e-01
   7.14879835761339e-01   7.59964329690594e-01   7.51061167512317e-01   6.26005095249897e-01   7.44703125631856e-01   7.34289307767184e-01   7.15255390073585e-01   7.03045463165297e-01   6.57794117684018e-01   6.91769366095172e-01   6.49154936851985e-01   7.53399110930243e-01   7.31277302707767e-01  -1.74446960806851e-01   6.87972987162371e-01
   7.84498983054918e-01   7.16841648276052e-01   7.44752701384194e-01   6.92248760583924e-01  -2.51013786938136e-01   7.96836872123879e-01   6.48975193789399e-01   6.96838276765807e-01   7.02687095840749e-01   7.18078830474531e-01   6.85509135262600e-01   8.34299698663933e-01   7.32310489930199e-01   8.25090542756019e-01   7.35536162959071e-01
   7.85374782312395e-01   5.63119273850899e-01   7.70925870029821e-01   6.14509961655792e-01   5.42825728346045e-01   3.31022200959486e-01   5.04764773314483e-01   7.31063608381591e-01   6.33023629893804e-01   7.13032224877417e-01   6.89416617205502e-01   8.20041201750880e-01   6.36546977889692e-01   8.12842726087049e-01   6.59744520765717e-01
   7.51358287924434e-01   7.32800597114289e-01   7.76328526486622e-01   5.53630636296794e-01   7.28488777288021e-01   7.71658061418666e-01   6.93102626834845e-01   7.38125581387568e-01   5.99144510073702e-01   7.23846826403895e-01   7.09789520591035e-01   7.97377138506296e-01   6.72695510179447e-01  -8.95766288831108e-02   6.32541878272779e-01
   7.15120274065360e-01   7.59112679011454e-01   7.47761982715042e-01   7.81625944698873e-01   7.45701850872892e-01   7.19331006477945e-01   7.17111329518089e-01   6.91517363929797e-01   7.75006418129769e-01   6.61567380112861e-01  -3.05686152132391e-02   7.61773392694508e-01   8.18949346732093e-01   7.42349697449415e-01   7.98155095536441e-01
   7.68851222809273e-01  -1.99229490651382e-01   6.99001168438917e-01   7.55199683219901e-01   7.48954140273251e-01   7.86598489115051e-01   7.04527587467359e-01   6.38053805549375e-01   7.41435291126912e-01   6.59100199223078e-01   5.82648606590219e-01   8.11739519631407e-01   7.78265020818139e-01   8.09479960453682e-01   7.64434844848935e-01
   7.70057031959342e-01   5.79597526077109e-01   7.56041379324799e-01   6.44969889509938e-01   5.53018278651528e-01   7.83170334856547e-01   4.67887667177403e-01   7.16047646930616e-01   6.49799943837242e-01   6.98187002044113e-01   6.56383721010606e-01   2.73702821995908e-01   6.64323582921501e-01   7.94435342987941e-01   6.72395138295857e-01
