   8.42512223556349e-01   6.32584704146712e-01   4.09351978584543e-01   7.42484396117382e-01   7.52703281855529e-01   7.64662205109160e-01   7.98844233545956e-01   6.95086895122196e-01   8.12346468740862e-01   7.27438541749995e-01   7.80096093356782e-01   5.70463465965729e-01
   7.77783735446183e-01  -2.62235194755577e-01   6.62772790767561e-03   6.56878883350293e-01   7.72081507414694e-01   6.04924222722274e-01   7.48543870596744e-01   2.22248085786031e-01   7.02151577646731e-01   6.39145599239645e-01   3.48565244601361e-01   2.57827254070874e-01
   8.05880275008000e-01   5.91290557094829e-01   3.90243108474172e-01   7.09736255772256e-01   7.09448018313081e-01   6.84699213976146e-01   7.90634414753524e-01   6.63716087220105e-01   8.14753518853321e-01   7.29108585567805e-01   7.84068895442674e-01   4.97398367592882e-01
   7.82122022667874e-01   5.54962472749434e-01  -1.13558673173617e-01   6.17783855087065e-01   3.55025493767291e-01   6.29225954027547e-01   8.14473432608472e-01   6.82981535247977e-01   6.84303980061853e-01   2.85216227098300e-01   7.83042179762095e-01  -1.91544627737208e-01
   7.61798716310061e-01   2.47030118504533e-01   1.11766379301503e-01   6.75984668685975e-01   7.54156407855979e-01   6.42475152386999e-01   7.97266131886292e-01   6.98319432613515e-01   7.82811794122353e-01   7.27194244380295e-01   7.77599050542177e-01   5.61293942434348e-01
   7.81313634075468e-01   6.27254089392128e-01   1.66589468623983e-01   6.29071005585878e-01   3.94268520741442e-01   6.35851006984912e-01   7.76725008152483e-01  -3.08095442516896e-01   7.44936436618394e-01   7.01776887394111e-01   7.41729849347427e-01   1.06576769137685e-01
   7.79886834097728e-01   6.08269619255104e-01   3.05571198519115e-01   6.97103988696484e-01  -3.09443257102890e-01   4.28010044702494e-01   7.03387745981565e-01   6.74543529201289e-02   7.19325234067674e-01   5.58287048287596e-01   6.81533513781363e-01   2.15198271562841e-01
   8.36097969715861e-01  -3.97305622245005e-01   3.69095767252704e-01   7.47882094754801e-01   7.68845617580750e-01   7.66351214197141e-01   7.23533112707412e-01   7.18492354102625e-01   7.27534589075158e-01   6.33020717010058e-01   7.25104321230196e-01   2.07628049930012e-01
   7.84402557008617e-01   3.26020410065071e-01   1.73034117441452e-01   7.05648228429733e-01   5.95391076429995e-01   6.59435549820624e-01   8.09067122663024e-01   5.45214982040692e-01   7.40877860423152e-01  -2.63785282559991e-01   7.77857395267987e-01   1.62262239223198e-01
   7.69686481779727e-01   3.02143503043092e-01   2.00693461916119e-01   6.82082201621974e-01   6.67892281634338e-01   3.70068711520736e-01   8.09505492916423e-01   5.94654399720892e-01   6.93792907082198e-01   7.51194245845632e-01   7.99856360375023e-01  -2.84932561959477e-01
   8.42291929865861e-01   6.16836135553180e-01  -2.03804041944876e-01   7.45272227509205e-01   7.67849270739484e-01   7.79037198374028e-01   7.92258551970979e-01   7.13865821562981e-01   8.08125757487447e-01   7.34275619856332e-01   7.32143554944170e-01   4.66819353140821e-01
   7.90690306023778e-01   5.83042416307161e-01   2.96721854236708e-01   2.47618783562230e-01  -3.96905419849274e-01   6.68148291290801e-01   6.96527168687367e-01   6.67295761573850e-01   6.69337432723911e-01   5.44192415063968e-01   6.72641216997124e-01   1.96267030121793e-01
   7.79247259289259e-01   4.16205067000259e-01   1.58751638131920e-01   6.65667208741870e-01   6.89087089480512e-01   4.60839996442526e-01   7.62266099457539e-01  -3.06903644359659e-01   7.61185414623171e-01   7.01157041828875e-01   7.45537675122510e-01  -6.06912210495378e-02
   8.12700000518888e-01  -3.17976950583607e-01   2.13454295601150e-01   7.06950716500255e-01   7.79258638294187e-01   6.82988610738380e-01   6.85970176353442e-01   2.31096615951521e-01  -3.49404087499880e-01   5.64085153620665e-01   6.94328006125995e-01   1.29989905423410e-01
   9.12251779551958e-02   3.19651272191024e-01  -1.16767732148621e-01   7.28964399004143e-01  -1.58659736695082e-01   7.23743571134204e-01   7.12403964864865e-01   5.19158636317456e-01   8.04200983115394e-01   6.76322031240551e-01   6.44450269319361e-01   3.82998269190340e-01
   7.63278956285603e-01   5.97896829881091e-01   3.63916190824966e-01   5.57529794639727e-01   7.19306498388595e-01   3.95827373447357e-01   7.58179214832246e-01   6.72462696582616e-01  -4.23874812393935e-01   7.06702006119252e-01   7.55771220655040e-01   7.58474306932769e-03
   7.76051601975595e-01   6.03658901624987e-01   2.43427833099759e-01   6.96273374840865e-01   7.35139210333306e-01   6.64936030838971e-01   7.01320269528377e-01   6.61237560940595e-01  -2.23369109811128e-01   5.85084653028466e-01   7.06309240200371e-01   2.94385823425760e-01
   8.59375281058972e-01  -3.54200532287069e-01   3.70564764137187e-01   2.55937858146840e-01   7.70881163992157e-01   7.41984019815362e-01   7.10563314831789e-01   7.20490257849082e-01   6.89425824861337e-01   6.05471673412575e-01   7.09909211528830e-01   2.71899189630181e-01
   7.79862601173837e-01   2.25782620809424e-01  -2.48143773044340e-01   6.58816880958920e-01   7.65173883048946e-01   6.11118934681604e-01   7.96562908693482e-01   2.19341464882888e-01   6.89600584650381e-01   7.26875594268300e-01   7.30325867066230e-01   4.67852063406651e-01
   7.82785350469326e-01   5.81170431651922e-01  -3.62359765814453e-01   7.05871993631883e-01   7.02829732114401e-01   3.82398583471075e-01   7.83037233385962e-01   6.63058036207657e-01   6.91805482973397e-01   6.95842163367762e-01   7.59767818027857e-01   2.04215696401634e-01
   3.23104694451478e-01   4.79070857617334e-01   3.52341727278338e-01  -3.53852308916359e-01   7.24208265890806e-01   7.67096893257711e-01   7.08019166997675e-01   6.23571636113157e-01   6.95638408073807e-01   6.02103266687568e-01   6.53396594386745e-01  -1.68865505660320e-01
   7.77782942207878e-01   3.01217076054834e-01  -3.27872563465180e-01   6.71494703020331e-01   7.62076995179336e-01   3.56503294068704e-01   7.99903453625254e-01   7.07685621443012e-01   6.92304278869665e-01   7.24816198174293e-01   7.60032663242730e-01   3.45418894100603e-01
   7.12341385983467e-01   3.43448999400752e-01   1.92061191121495e-03   6.45854186054009e-01   6.48718453960152e-01   6.35200215091006e-01   7.64614897788509e-01   6.12462522251626e-01   5.98127846494359e-01   1.38781463881949e-01   6.80459064911349e-01  -2.20661043309683e-01
   8.35755918009318e-01   4.39174891754305e-01   3.15539381703620e-01   7.32776315852941e-01   6.46802772097058e-01   7.48684560320850e-01   4.51026215409827e-01   5.29770458836965e-01   6.67567074199726e-01   7.71657142132290e-01  -3.36906690317984e-01   5.20576600714040e-01
   8.36821630400357e-01   3.13087188779375e-01   3.14321660986439e-01   7.34169749485737e-01   6.58075213965887e-01   7.53947140526362e-01  -3.48281795274736e-01   5.75887776757839e-01   6.97103498932540e-01   4.18072378904781e-01   8.26818234751121e-01   5.16372926502756e-01
   7.52766886147155e-01  -1.97151464015088e-01   2.22289190024710e-01   6.56351171553142e-01   7.50047623662396e-01   6.15116702526253e-01   7.21313938355853e-01  -3.20116426446946e-01   7.09875991080748e-01   6.15807264186549e-01   6.66671586220175e-01   3.34972020997039e-01
   8.37136533802198e-01   3.07234730013066e-01  -4.94941108911380e-02   7.45259999584980e-01   7.43360161408389e-01   7.74292588607837e-01   7.82768212203470e-01   6.80468579310855e-01   7.95535487216786e-01   7.08645210231103e-01   7.41719015862324e-01   2.37174389865496e-02
   7.37504336669667e-01   6.28045297828519e-01   1.35417031147154e-01   6.06529752853646e-01   7.81235317291556e-01   5.81851313216065e-01   7.64131391374691e-01   7.16651221220903e-01   7.45506016031695e-01  -2.72114795028574e-01   7.36532921113005e-01   4.22907785534643e-01
   8.08953483177588e-01   2.81186624000120e-01   3.38678684892901e-01   1.83835925362979e-01   6.60709353005944e-01  -3.23900465344371e-01   7.12475696569763e-01   9.39331039082748e-02   6.61049478990618e-01   6.37372059069809e-01   6.94813724372298e-01   4.40840970555618e-01
   8.74253803619104e-01   3.70046867186587e-01  -1.81982543912859e-01  -3.83753415238006e-01   5.96491677383500e-01   3.46969214726509e-01   7.73204232165336e-01   5.22052688461660e-01   7.09772737332798e-01   6.84862470287809e-01   7.39679684889119e-01   4.53529238735897e-01
