   8.31094849804122e-01   6.60625635576382e-01   6.99105390840962e-01   6.62108911696498e-01   6.35885400587826e-01   4.98836681456974e-01   3.47175214778015e-01   2.14390046115786e-01
   7.49220540673448e-01   6.79007014386817e-01   8.92137186817079e-01   5.43253836447559e-01   1.32061421015691e-01  -3.45725351914343e-01   5.28631736665852e-01   2.04400222518539e-01
   7.53329587715441e-01   6.60060636682227e-01   8.87485280570246e-01   6.25028376323824e-01   5.16577397042565e-01   3.73551498454696e-01  -3.25389464890556e-01   4.31006689859676e-01
   8.09395599745034e-01  -3.14856028081459e-02   8.58088959205340e-01   4.45803454268876e-01  -2.34491687169240e-03   2.54491000611386e-01  -2.71531922154671e-01   2.07997677621112e-01
   8.13631843447609e-01   3.44289981031440e-01   4.59849415517198e-01   5.67075543461130e-01   1.85432566874438e-02  -2.22971953736693e-01  -3.08631633333321e-01  -1.13241617794851e-02
   7.14026968968647e-01   3.84556456779024e-01   8.51428334481695e-01   7.43540492783596e-01   6.54011431802927e-01   5.88543126370653e-01   6.27197912640896e-01  -7.18929651827574e-02
   7.57022634471958e-01   3.89992277731166e-01   8.94096095144959e-01  -5.54519535788798e-02   6.03745453983019e-01   3.70362694531510e-01   4.07361299409595e-01  -1.15655798127851e-03
   6.66851440154793e-01   6.81896493992597e-01   8.88759718791334e-01   4.33710693309652e-01   6.31204877248943e-01  -4.69629953250243e-01   4.23658598378716e-01  -1.33509143544820e-01
   7.77822696991077e-01   6.60905898128879e-01   3.78182967264472e-01   5.61706056515715e-01   4.12594446413863e-01   6.13435880577887e-01   1.16634617938735e-02   5.15050365910387e-01
   8.22778908297992e-01   6.12075619722266e-01   8.92758193823843e-01   6.13519527015929e-01   7.02764451223992e-01   5.24717798924798e-01   4.93914178840428e-01   1.80452986540314e-01
   7.71313552952430e-01  -1.55917701354333e-01   8.58160454130369e-01   4.35391120302251e-01   6.26694027234045e-01  -2.29716031658042e-01   4.49528763589447e-01  -5.47223476448184e-02
   7.85283817140745e-01  -9.76431455860681e-02   8.28738387538260e-01   5.07610370928979e-01   3.94996953624914e-01   5.03180980608716e-01   3.38694642801431e-01  -2.09759257578981e-01
   8.41131458810645e-01   2.08968768185485e-01   8.70778784033600e-01   5.85977484411547e-01   1.19945718593668e-01   6.06760297234703e-01   5.37511009025745e-01   1.51680846305698e-01
   8.25702406869794e-01   6.77005165959798e-01   8.98634431732985e-01   7.71010864805727e-01   6.65190830331910e-01   6.32577195841345e-01   6.09097480540604e-01   5.03014699033927e-01
   8.25830913601419e-01   6.76954684592423e-01   8.98686146167994e-01   7.71234791860134e-01   6.65091675068119e-01   6.32485207993575e-01   6.09871397857362e-01   5.02766085062964e-01
   7.70334999582304e-01   6.62392637978974e-01   8.99454822722299e-01  -4.27279166318947e-02   6.90958807053792e-01   4.34137953693495e-01   3.02016105180072e-01   3.02195926463958e-01
   7.13228228481569e-01  -4.93547014386903e-02   8.04846238964452e-01   5.24304985609504e-01  -2.26673490390883e-01   4.80360334651497e-01   4.85927270165720e-01  -3.66980825801192e-01
   7.56798498332546e-01   4.93116584678103e-01   2.77429133280218e-01   6.46042739752776e-01   6.02492991245920e-01   5.76180770772934e-01  -2.74294969374417e-01   9.48573210413765e-02
   7.29592518860491e-01   4.65668929631675e-01   8.93633112414124e-01   7.06430124237256e-01   6.44305500259938e-01   6.24652386311671e-01   5.84338157441437e-01   1.10910973452041e-01
   8.00664460648760e-01   6.73184280168849e-01   7.75592527801330e-01   5.97160434296370e-01  -2.10352620579566e-01   1.77470338833032e-01   3.80803369014299e-01   2.14254856149715e-01
   7.69633103143059e-01  -5.35806631835454e-02   8.79303814289562e-01   6.93202566586243e-01  -1.34778252143366e-01   4.73814586648737e-01   5.76032076953518e-01   3.53919465305816e-01
   8.25770686428417e-01   6.77019605083090e-01   8.98641522850026e-01   7.70998508728220e-01   6.65216809165921e-01   6.32578663939752e-01   6.08891726237829e-01   5.02901175836034e-01
   8.28455471009495e-01  -3.92598048881553e-01   8.10951153896527e-01   5.90970052186981e-01   3.48665993698590e-01   4.10329013121197e-01   3.66846732402560e-01  -2.34665166370390e-01
   7.91130042652066e-01   6.50383398122340e-01   8.99776610986799e-01   7.68773106855060e-01   6.47531533370200e-01   5.59090686086534e-01   6.20693292774047e-01   3.19317064687636e-01
   8.52740318850874e-01   1.91464893302187e-01   8.54855910802777e-01   6.07388798455847e-01  -3.59080193509879e-02   6.10319750224043e-01   4.19469625299664e-01   1.01777023718349e-01
   8.13582588447814e-01   5.94333983536077e-02   8.79251111169549e-01   6.46096890602401e-01   1.76661052696266e-01   6.20356544931286e-01   1.83887391631736e-01   3.39329593670055e-01
   7.29513963936704e-01   4.65701287187988e-01   8.93653658395452e-01   7.06586749842869e-01   6.44365240373467e-01   6.24649279715815e-01   5.84514078625865e-01   1.10558320418202e-01
   6.89925504615124e-01  -2.84937119382458e-01   6.06825908762283e-01   4.22443977998947e-01   3.86814632334921e-01   6.26023038278278e-01   3.29200731697776e-01  -3.77747923643468e-01
   7.11499356521381e-01   6.73292295818921e-01   8.49319700110449e-01   6.82033962021755e-01   5.68541808267811e-01   4.42171134760969e-01   5.21318904369493e-01   4.00405212912652e-01
   7.87971995960411e-01   3.58349523799070e-01   7.80640996612929e-01  -2.88840113656454e-01   3.66958324896606e-01   1.37807731754469e-01   4.50370295546422e-01   4.50232071594853e-01
