   8.09975181913921e-01   8.79723199489016e-01   8.14477892829118e-01   8.56886708042398e-01   8.07571154117983e-01   8.40717177933008e-01   8.75194152587857e-01   8.19843435450167e-01   8.18722848321684e-01   8.48048112288863e-01   8.71061143486748e-01   8.18784705287479e-01   6.08069690192756e-01   8.71030242946555e-01   8.20549522184720e-01   7.99402262783700e-01   8.23205041059294e-01   5.80428991233026e-03   8.17989225866408e-01   2.82753508072863e-01
   8.03483010210304e-01   9.02954854433828e-01   8.25340359681319e-01   8.74849095954969e-01   8.10685756630858e-01   8.42779138331878e-01   9.00407338529689e-01   8.20103169982419e-01   8.42233048167395e-01   8.62593077128867e-01   9.02945275439073e-01   8.01740391636308e-01   4.12793024234907e-01   8.92773438290452e-01   8.08280642246399e-01   8.01944038892172e-01   8.42773549429452e-01  -2.63493898014687e-01   8.17256652371607e-01   3.17995973271075e-01
   7.76110870539313e-01   8.65342009516160e-01   8.29903628710274e-01   8.43704719067032e-01   7.80400571204306e-01   7.88918064798362e-01   8.48700824182927e-01   8.26983540382992e-01   7.78202836011072e-01   8.02476307327617e-01   8.46203431238563e-01   7.73728924022059e-01   5.81973564714725e-01   8.49365645271908e-01   7.93724618104327e-01   8.17253167788922e-01   7.77061217727695e-01  -2.37873465682485e-01   8.26972981336928e-01   3.95264529958945e-01
   7.98133612460103e-01   9.07014707491976e-01   8.19052512020738e-01   7.93243869204994e-01   7.95901687082112e-01   8.01154796102775e-01   9.02045016665141e-01   8.06617912099741e-01   7.69361312969325e-01   7.97334632265188e-01   8.97896380000397e-01   8.04022539837612e-01   6.26477605647334e-01   8.95730862575340e-01   8.11084773383232e-01   7.96249723655776e-01   7.66934940309871e-01  -1.23319193458177e-01   8.06298493009554e-01  -3.50228114870874e-01
   8.18185818165804e-01   9.05049942803871e-01   7.98862693357068e-01   7.61506095503295e-01   8.15663343140037e-01   8.72993469966767e-01   8.99266706584962e-01   7.99832555992630e-01   8.63312842138413e-01   8.77223354928642e-01   8.97735822820977e-01   8.24400177749735e-01   3.80766655100592e-01   8.96535362758160e-01   8.30666134739762e-01   7.77501011729342e-01   8.67381486381688e-01  -3.04573849545545e-01   7.86513901256525e-01   3.56130069713967e-01
   7.71365011798443e-01   8.95632162727800e-01   8.17573661479015e-01   8.64770085217238e-01   7.79783405716262e-01   8.61551529888966e-01   8.89015797204488e-01   8.17054356082004e-01   8.59575395883919e-01   8.77047131791227e-01   8.88826486169883e-01   7.69768943366929e-01   5.79385371039138e-01   8.83132037674650e-01   7.90333582426262e-01   8.05121773821161e-01   8.60564317354717e-01  -2.77712061371397e-01   8.08983487743269e-01  -9.08959903614049e-02
   8.03337685887371e-01   8.26154036510286e-01   8.35787595465170e-01   7.59299432734512e-01   8.10694741195893e-01   8.11345108849663e-01   7.93404938202952e-01   8.19820207193984e-01   8.10623056686848e-01   8.33280572722058e-01   8.13272808191130e-01   7.99717637158453e-01  -1.59037151855397e-01   8.13059318379043e-01   8.19903416293163e-01   8.17049672156686e-01   8.16289775276642e-01   1.38533585326554e-01   8.20030748388678e-01   4.31451390013624e-01
   8.42062673826713e-01   8.13605247447213e-01   8.24090384364210e-01   8.68150141151418e-01   8.49531705497204e-01   7.99146048721009e-01   7.77130654051926e-01   8.02160980627828e-01   7.80879826699837e-01   7.96865145454896e-01   8.10740386106165e-01   8.43348096720365e-01  -2.24660022279974e-01   7.93086912151700e-01   8.56215015805561e-01   8.01145436819736e-01   7.83062461522316e-01   1.88052126530080e-01   8.04414588793618e-01   3.64782510772690e-01
   8.30263875479334e-01   8.49893007138681e-01   8.35030902475451e-01   8.77619408956978e-01   8.44142755025980e-01   8.68845806918297e-01   8.43921114764212e-01   8.28760568345810e-01   8.62004059152213e-01   8.68666623056316e-01   8.38255149554053e-01   8.35126843060492e-01   6.40799138683931e-01   8.41522900343862e-01   8.42168472117564e-01   8.18557422441509e-01   8.59093050981598e-01   2.32370266081812e-01   8.26616782838743e-01   3.48275820738219e-01
   8.23756593614139e-01   9.02641708818337e-01   8.19701046532615e-01   8.89695411298729e-01   8.28047707452400e-01   8.12677918651131e-01   9.02828183552885e-01   8.13278633433897e-01   7.79135968145065e-01   7.99428177434835e-01   9.03002717383197e-01   8.29880911162921e-01   5.20692384344931e-01   8.96086406354165e-01   8.27181155416924e-01   8.03054935759610e-01   7.75325684106033e-01  -1.73937538654270e-01   8.16768577131904e-01   3.70686198747329e-01
   7.46910153452371e-01   8.56521244148310e-01   7.96871434981924e-01   7.41539306460171e-01   7.62066130400728e-01   7.93589261980625e-01   8.46618604257296e-01   7.98844180439700e-01   7.79563354765531e-01   8.16577921939656e-01   8.44799460611541e-01   7.59497779066219e-01   4.09445746977402e-01   8.40017731841527e-01   7.75116772596169e-01   7.92246069162713e-01   7.84378401658251e-01  -2.33975694447570e-01   8.11871093156695e-01  -2.48261235618261e-01
   8.05779066106090e-01   8.75466648951623e-01   8.28528090823624e-01   8.38679578316105e-01   8.32501198124646e-01   8.45199860805064e-01   8.58104422388565e-01   8.20390887064971e-01   8.44945913781614e-01   8.58969054300824e-01   8.68709226560047e-01   8.24065327613902e-01   4.98050763909444e-01   8.61322595808014e-01   8.37292527953265e-01   8.10459955115991e-01   8.46997680157193e-01  -2.47783986759584e-01   8.25960601931377e-01   4.80760055827758e-01
   7.74916235216465e-01   9.05190263004941e-01   7.78357791731151e-01   8.56602707701613e-01   7.78123209571740e-01   8.53329622112451e-01   8.97660611823984e-01   7.82026929667302e-01   8.42711993359036e-01   8.57097669385662e-01   9.01191742152688e-01   7.75076705175414e-01   5.76134725532992e-01   8.96969676770863e-01   7.96592745456863e-01   7.51146107713934e-01   8.43672842783140e-01   2.47295822798705e-01   7.75895448647785e-01   1.37310720007476e-01
   8.32231155206291e-01   8.37379896030264e-01   8.38450789169760e-01   8.19625227174982e-01   8.49243237579888e-01   8.76661026292287e-01   8.30001290434072e-01   8.18524751723086e-01   8.70719218464163e-01   8.78837745987878e-01   8.26603286525480e-01   8.39920895700411e-01   4.67139594119006e-01   8.25469146975894e-01   8.56238311024811e-01   8.18975145028958e-01   8.71047341431078e-01   2.54026460892884e-01   8.28483622585129e-01   5.15121072149501e-01
   7.85075173021407e-01   8.96166893373631e-01   8.05044281871564e-01   8.17658275843428e-01   7.86471718999767e-01   7.98593139390823e-01   8.87486115960339e-01   8.08912262740223e-01   7.73611587553437e-01   8.15438989046798e-01   8.88519342878625e-01   7.91655876506758e-01   4.82738883883114e-01   8.85892298880892e-01   7.94125272182347e-01   7.89554929614382e-01   7.80832879415599e-01   2.58304401777309e-01   8.02808458940354e-01  -2.09002740307412e-01
   7.78819794680615e-01   9.02193235909678e-01   7.80806205746846e-01   7.16139907169410e-01   7.78925583824383e-01   7.98499336191794e-01   8.90597669983495e-01   7.85435389819394e-01   7.77154559081172e-01   8.06090596937268e-01   8.87552124278978e-01   7.74642169295515e-01  -3.57083706813272e-01   8.85877428136857e-01   7.93916649763074e-01   7.55632172819758e-01   7.96560597687781e-01   4.04088452604131e-02   7.86156515824271e-01   9.34205472012231e-02
   8.10716837291204e-01   8.61587516832200e-01   7.99646689660296e-01   6.64517308663448e-01   8.20251755651510e-01   7.82991703349669e-01   8.41305392899752e-01   7.99890129319637e-01   7.71573685380669e-01   7.98763216036326e-01   8.35482765831401e-01   8.15934359451286e-01   1.64988633990089e-01   8.28916365173840e-01   8.23705692256351e-01   7.88426942261908e-01   7.69518629735528e-01   1.82103689683914e-01   7.93775820880305e-01  -5.25352802685848e-01
   7.70708437948605e-01   9.06459645930933e-01   7.64628491570124e-01   7.42062704526855e-01   7.72329738211960e-01   7.79012279279293e-01   9.02105938181782e-01   7.45294486309288e-01   7.59510034727068e-01   7.84765952246532e-01   9.01775788067075e-01   7.72074868575382e-01  -1.12884419572865e-01   8.97547752550601e-01   7.90273245829436e-01   7.35597629357853e-01   7.73234522956768e-01  -1.02742614721580e-01   7.42389941856785e-01   3.52350122257920e-01
   7.79312689461886e-01   8.93297293530079e-01   8.11969955186618e-01   8.83542685213679e-01   7.88225241899295e-01   8.61131892981641e-01   8.86827273946833e-01   8.10413194837307e-01   8.59238692257212e-01   8.76487481040100e-01   8.86060980802347e-01   7.76719294637141e-01   5.57655205837725e-01   8.80058654908916e-01   7.96225556567114e-01   7.98797176178769e-01   8.60084788968135e-01  -2.75630379681582e-01   8.02710435858920e-01   6.83686618399350e-02
   8.09797927904332e-01   9.00121368795645e-01   8.01193233035493e-01   7.67316147921933e-01   8.18406576810767e-01   8.33365399863829e-01   8.91530433794311e-01   7.88184738190254e-01   8.38501561264583e-01   8.52849878477397e-01   8.93226314399943e-01   8.17156208266477e-01   6.67419088969985e-01   8.85946410112074e-01   8.20408439025083e-01   7.91486529364115e-01   8.37046403113790e-01  -1.67518670934706e-01   7.95681503857338e-01   2.22391479119393e-01
   7.64227498016595e-01   9.05059280565000e-01   8.04842752741854e-01   8.74678771348666e-01   7.55384099447827e-01   8.38187416153596e-01   8.98911191105953e-01   8.09469442699319e-01   8.21736843325346e-01   8.43840504989392e-01   8.96690788094427e-01   7.67761624968213e-01   6.42739210560803e-01   8.92596413239680e-01   7.82839069769521e-01   7.93035241469838e-01   8.27228909198657e-01   2.09582586226847e-01   8.09163641917694e-01   3.28709564559547e-01
   8.14699137716496e-01   8.36301609167649e-01   8.17417711769509e-01   6.49587302235130e-01   8.25803346001773e-01   8.28951959464763e-01   7.98953138658971e-01   8.14780691001515e-01   8.39527779268126e-01   8.65597711670361e-01   8.11425650663989e-01   8.10629120727955e-01   4.32471157924721e-01   8.10222001491118e-01   8.27813107390778e-01   8.13370543270597e-01   8.37267507759576e-01  -1.04801207003162e-01   8.15270509285087e-01   1.00663050018523e-01
   8.16950293610771e-01   8.10405064342693e-01   8.19190226905408e-01   8.12777936326878e-01   8.25097605953453e-01   7.78234161306602e-01   7.78802791026532e-01   8.14387174850008e-01   7.60238729120568e-01   7.96205806624911e-01   8.00236894637687e-01   8.25711439654400e-01   6.46023953464155e-01   7.98219743382096e-01   8.21068150659724e-01   8.00583205768480e-01   7.61407128229293e-01   1.95663275469328e-01   8.17933041244268e-01  -2.61933215088562e-01
   8.00098491951885e-01   8.97609683634102e-01   7.75597372377485e-01   7.10095852410695e-01   8.02462956081273e-01   8.27283845554287e-01   8.89307470941383e-01   7.81266316680260e-01   8.12199154380201e-01   8.36081853104568e-01   8.79254155322835e-01   7.94815270804599e-01  -3.19593138335236e-01   8.80004235893684e-01   8.02926983718988e-01   7.50441423301508e-01   8.20909056139702e-01  -3.53781155212147e-02   7.87802784572547e-01   7.54618901572026e-02
   8.37221133835049e-01   8.52730852429171e-01   7.61411216315694e-01   8.31501066424268e-01   8.34979597537844e-01   8.52079304872144e-01   8.50250588637100e-01   7.78715794749571e-01   8.41854471491064e-01   8.62158393358263e-01   8.42318781356741e-01   8.39068176898574e-01   4.77363834597043e-01   8.40183868886493e-01   8.43430195784155e-01   7.58030111303622e-01   8.43679408404043e-01   8.25321337027409e-02   7.77412260100471e-01  -2.25427858402696e-01
   7.11541638943101e-01   8.98242323658492e-01   8.44204204843294e-01   8.57698551959023e-01   7.19078048787672e-01   8.55503934836628e-01   8.92811811327005e-01   8.42840216793251e-01   8.47594937994116e-01   8.75873744740223e-01   8.92958653884768e-01   7.06006635482942e-01  -2.45767199279295e-01   8.88755307398796e-01   7.18436953712737e-01   8.29836136783878e-01   8.43993427682726e-01   2.30882183326642e-01   8.43774231044148e-01   3.70600895033913e-01
   7.89252186142683e-01   9.09485483561395e-01   8.17649805461380e-01   8.64838188565831e-01   7.95697377947333e-01   8.54130448891970e-01   9.04400167175238e-01   8.11107307715508e-01   8.37658609271250e-01   8.58371089289116e-01   9.02107790204607e-01   7.85395339164464e-01   5.96884064880715e-01   9.00005173934045e-01   8.06529363785117e-01   7.97834763457527e-01   8.45511322325896e-01   2.28984662202434e-01   8.21249481815821e-01   1.88655516115260e-01
   8.37810344796543e-01   8.23814276726663e-01   7.70235589738255e-01   8.22267467030735e-01   8.46819298804427e-01   8.14482804120278e-01   8.24199609799268e-01   7.54226575117527e-01   7.99464182023548e-01   8.29741024639716e-01   8.27292950097514e-01   8.48063893465802e-01   6.47201297132766e-01   8.18283560102877e-01   8.47189403139660e-01   7.44422705499884e-01   8.01945567506102e-01   1.18697270166898e-01   7.76134314705438e-01   1.27802972976462e-01
   8.24491997712122e-01   8.87226939402896e-01   8.46106242710588e-01   8.88069720256270e-01   8.29833164480265e-01   7.91599669768426e-01   8.72404483113425e-01   8.43029369572099e-01   7.80526475288626e-01   8.02508061887398e-01   8.78308722183606e-01   8.28445972350742e-01   5.72716699360746e-01   8.67749085821076e-01   8.38054255090957e-01   8.34916117939326e-01   7.79310322769667e-01  -3.03439239352356e-01   8.42363245705985e-01   3.03675048133154e-01
   7.90375851709093e-01   8.53937980222554e-01   7.84866272984549e-01   8.40596092775275e-01   7.93781704959486e-01   8.35333891547698e-01   8.29445921624409e-01   7.97594104016735e-01   8.21687697203098e-01   8.54433683143540e-01   8.26610545316464e-01   7.81827207766306e-01   3.63019732819335e-01   8.16059366333872e-01   7.97818929452304e-01   7.81052253166298e-01   8.25757108974735e-01   2.03541280043315e-01   7.95593210790210e-01   1.47903641315661e-01
