   8.44560056051000e-01   9.04458729637292e-01   7.84378057152292e-01   7.97006334218191e-01   7.89711053683717e-01   6.88509343155403e-01   7.97669354875140e-01   8.27383702220641e-01   8.96941615459483e-01   7.85130563692843e-01   8.35093027331631e-01   8.00625697755844e-01   7.76641811019027e-01   9.02822671855669e-01   8.18702109395434e-01   8.04795595566223e-02   8.40269830385714e-01   8.98846477342162e-01
   8.58236218846588e-01   9.24868899906462e-01   7.83394080434839e-01   6.44201616215363e-01   7.90574599577881e-01  -2.12808218131566e-01   7.86818308960713e-01   8.42667140686247e-01   9.20187058273504e-01   6.35175412770056e-01   8.44582114214421e-01   6.37205909829221e-01   7.72667082319817e-01   9.26409239646094e-01   6.77005432029318e-01   4.23364217270709e-01   8.49934483230942e-01   9.19894436372944e-01
   7.35264828932805e-01   8.75442607765989e-01   7.46369581269764e-01   7.54623051052691e-01   7.43453603036386e-01   6.84138817241593e-01   7.51847434898501e-01   7.03675609420409e-01   8.73083006945991e-01   7.56200972928364e-01   7.13164376759681e-01   7.54438103992130e-01   7.32916709871211e-01   8.73719751413871e-01   7.64661449943013e-01   1.03564012470117e-01   7.32764981343300e-01   8.64499216801900e-01
   8.09905138281069e-01   8.94930237136604e-01   7.13254877502410e-01   6.69514481374164e-01   7.19166477532413e-01   7.13926338009710e-01   7.13717671222564e-01   7.73651451239457e-01   8.96691334114730e-01   6.62452876546103e-01   7.86497081913105e-01   6.58526191633261e-01   6.95746054107486e-01   8.95174620916115e-01   6.68313319594167e-01   2.03435158016399e-02   7.87829545487979e-01   8.96674111178074e-01
   7.55191458795314e-01   9.17023987498892e-01   7.66947021725996e-01   7.53702205245168e-01   7.68626884714833e-01   6.83215896745351e-01   7.75565750917013e-01   7.31382863922854e-01   9.17005025426472e-01   7.47545428213120e-01   7.35399544952062e-01   7.48179132764322e-01   7.52517989399519e-01   9.13995520184193e-01   7.69329678671097e-01   1.21128939299571e-01   7.55203789981661e-01   9.12735032422129e-01
   8.31483804763442e-01   9.23847926468053e-01   6.88962668193248e-01   8.20981967221137e-01   7.00164817750981e-01   7.51717793971740e-01   6.82156430831890e-01   8.14610994458659e-01   9.20612976593206e-01   8.11660663022788e-01   8.15903421552636e-01   8.17346571872913e-01   6.71165205673585e-01   9.17852413911873e-01   8.32567466363296e-01   2.11584567485377e-01   8.24835543247656e-01   9.18134845049472e-01
   8.08035765370711e-01   8.78340735675869e-01   7.53659104271817e-01   7.82795427701103e-01   7.47508899368274e-01   6.85819816367426e-01   7.37919447937214e-01   7.82023599711927e-01   8.61098960527927e-01   7.71079634512947e-01   7.91201252633947e-01   7.74527721251585e-01   7.36042855820628e-01   8.68877310619269e-01   7.98514643987318e-01   4.42891770689404e-01   8.00266671378221e-01   8.57766411929373e-01
   7.56347952103680e-01   9.18089721266712e-01   7.17729769564541e-01   7.71815989225415e-01   7.16962548288908e-01   7.09535454270554e-01   7.27616640180627e-01   7.25473306591970e-01   9.17680265208459e-01   7.71582767859164e-01   7.30165639049005e-01   7.70161343450701e-01   6.99698712335105e-01   9.14560570235959e-01   7.81599585057718e-01   1.03111594945756e-01   7.47922867149512e-01   9.13050107553353e-01
   8.53055813992959e-01   9.16228618036120e-01   7.99425535678434e-01   6.78050755582657e-01   8.07828054905041e-01  -3.21340648698760e-01   8.06497137462578e-01   8.40926756465375e-01   9.09383357632636e-01   6.67111307193892e-01   8.41440844954066e-01   6.75578433082745e-01   7.89654387842414e-01   9.16607945119529e-01   7.19134295585251e-01   3.99952710979879e-01   8.48643742709743e-01   9.14009762523568e-01
   7.27125098853544e-01   8.78820952605566e-01   7.96040391514464e-01   7.95594943553101e-01   8.02710330982830e-01   6.77678546553279e-01   8.04893144252069e-01   7.08327072558519e-01   8.76814004729040e-01   7.87555765000899e-01   7.15170005285274e-01   7.93684809505719e-01   7.91974887713193e-01   8.76954666316786e-01   8.09065800723620e-01  -3.66290777408759e-01   7.34921300252942e-01   8.67924273954724e-01
   8.05268732120449e-01   8.97982254243220e-01   7.27499781153050e-01   7.82737518311165e-01   7.37545774585536e-01   6.72976313236783e-01   7.26929643330254e-01   7.81786738843356e-01   8.95645582051184e-01   7.77210005058795e-01   7.84724851455608e-01   7.78360119250981e-01   7.17099687945371e-01   9.00151389439439e-01   7.94551613446872e-01  -2.33002740966564e-01   8.08898657859846e-01   8.90798602525505e-01
   8.35556658447214e-01   9.06114245363339e-01   6.88580236718070e-01   8.24973241071562e-01   6.99418194240342e-01   7.50457721425345e-01   6.86814931586857e-01   8.18613774948495e-01   9.03268672001564e-01   8.16974954108602e-01   8.23635540498913e-01   8.21174623173431e-01   6.69306391659739e-01   9.02758139504632e-01   8.36065826184281e-01   1.74312626382460e-01   8.29749074454670e-01   8.96196443305549e-01
   7.62359100520637e-01   8.49733376455608e-01   7.91232123688098e-01   6.58569705101217e-01   7.88300377394577e-01  -2.31738149582573e-01   7.93560068018255e-01   7.27501605260304e-01   8.38859999144263e-01   6.51607414007994e-01   7.35997727161315e-01   6.57599540240892e-01   7.78037109971922e-01   8.45528583028417e-01   7.00843614308756e-01   1.49453726745107e-01   7.60641894054205e-01   8.33208577503457e-01
   8.53064193350191e-01   9.16228494967744e-01   7.99532064006660e-01   6.78213416894514e-01   8.07935843476999e-01  -3.22208196209826e-01   8.06565297873220e-01   8.40938812229371e-01   9.09332372758089e-01   6.67277057028376e-01   8.41449423911940e-01   6.75592934167759e-01   7.89763354143061e-01   9.16699902023260e-01   7.19244936762741e-01   3.98802846424842e-01   8.48688030442382e-01   9.14045590422778e-01
   8.60748014989809e-01   8.81468533313561e-01   7.65172007981831e-01   8.19361434487558e-01   7.70620932630472e-01   6.50368404508725e-01   7.70379028623003e-01   8.44568886118404e-01   8.61576608759783e-01   8.11415277617105e-01   8.48839484430258e-01   8.19797235127309e-01   7.50466229724593e-01   8.78564514075366e-01   8.32528611127648e-01  -1.33886029961085e-01   8.56712892008184e-01   8.68230502311841e-01
   7.49632334425201e-01   9.11043034450860e-01   7.56684010395165e-01   7.61779731950331e-01   7.60551622909621e-01   7.45536779404267e-01   7.69279575474551e-01   7.15346126694719e-01   9.11222064797141e-01   7.57150199121351e-01   7.21767813762480e-01   7.56049580150464e-01   7.48346004756570e-01   9.08812007037923e-01   7.68712040178921e-01  -3.19738818801923e-02   7.40686614825780e-01   9.09307450229239e-01
   8.01708611144152e-01   8.20178346888394e-01   6.66500102454932e-01   8.03456445353218e-01   6.69562939670576e-01   6.20079535860258e-01   6.63457766064918e-01   7.60983737719259e-01   8.02726292075063e-01   7.85862120640301e-01   7.74470807429813e-01   8.01710127958714e-01   6.47954081288878e-01   7.99901253929194e-01   8.12593818534885e-01  -6.27282441867324e-02   7.75825653079113e-01   7.88919888603362e-01
   8.64375116952269e-01   9.02601528038239e-01   7.29805457171325e-01   8.14503468154504e-01   7.46881718720103e-01   6.77240200531535e-01   7.43116578324157e-01   8.44275304594318e-01   8.96297492086390e-01   8.08176938869592e-01   8.52750624293141e-01   8.11055925819266e-01   7.16046751610539e-01   9.01458821105512e-01   8.29813926502072e-01   1.42938601830944e-01   8.59291890681939e-01   8.98569272438344e-01
   7.41897653333985e-01   7.51119976771312e-01   7.91531647918849e-01   7.75728058691211e-01   7.91606371341229e-01   7.08481053081984e-01   7.93952844922878e-01   7.07521532328811e-01   7.36391449863830e-01   7.67519108759250e-01   7.17354987669775e-01   7.81523600344458e-01   7.80800491740345e-01   7.20784691803027e-01   7.96694307640340e-01  -2.92794468129567e-01   7.38828236317762e-01   7.29716119224208e-01
   8.27528843738341e-01   9.29808618197287e-01   6.54867738337827e-01   8.00513642926165e-01   6.49184731759099e-01   7.40500654394023e-01   6.23144586159400e-01   8.11983471546156e-01   9.25572213633611e-01   7.92515895922644e-01   8.14353164816892e-01   7.97546740844511e-01   6.20743027595523e-01   9.26505209783959e-01   8.12891189147892e-01  -1.37253953885348e-02   8.20493416075243e-01   9.23439420616399e-01
   8.25489150432009e-01   9.04470719292281e-01   7.55556747301292e-01   7.82898177279887e-01   7.50219439329086e-01   7.36594637774745e-01   7.43524468055831e-01   7.96828699130240e-01   9.01356927276798e-01   7.77548465878005e-01   7.97240257283055e-01   7.83340544479531e-01   7.30781652327926e-01   8.99661474887963e-01   8.03169846851685e-01   3.95879467581637e-01   8.06434396832892e-01   9.00280574544663e-01
   8.36090300019738e-01   8.95540125511049e-01   7.47282651711039e-01   7.98957571582138e-01   7.38746056896996e-01   5.94217971678321e-01   7.37711698302146e-01   8.23152300441886e-01   8.85473407803687e-01   7.88563331982846e-01   8.23289266129415e-01   7.94326011638461e-01   7.21316922457143e-01   8.91049443843333e-01   8.11771772166770e-01   4.29446244462439e-01   8.25725838634265e-01   8.83399081594526e-01
   8.25800911130864e-01   9.11017473256289e-01   7.37056270716194e-01   7.78846915023731e-01   7.47168149170014e-01   7.39988340854013e-01   7.34731153021840e-01   8.02479730536480e-01   9.09075530215877e-01   7.75452138549723e-01   8.00533628452264e-01   7.73206613066287e-01   7.24812307454137e-01   9.05112110535176e-01   7.85700468954825e-01   4.08493827898249e-01   8.11231059327401e-01   9.05073653495837e-01
   7.99579994578599e-01   8.92443069140669e-01   6.76275781783549e-01   7.95709515643586e-01   6.91352952486541e-01   7.11590268578991e-01   6.80120068775937e-01   7.74684919759340e-01   8.86492672706521e-01   7.79744089879200e-01   7.84879522010973e-01   7.96304699009516e-01   6.59372634104565e-01   8.83806134105400e-01   8.02266402375471e-01   1.37642386391774e-01   7.92074660141184e-01   8.74355127877027e-01
   8.15167208781453e-01   8.81587226529099e-01   7.50657993597570e-01   7.98716838730670e-01   7.47084320144382e-01   5.19529386680520e-01   7.54937178170107e-01   8.03299767359328e-01   8.75296414589853e-01   7.86412380684417e-01   8.01933682998478e-01   7.92090097986103e-01   7.30833899817447e-01   8.76800226250744e-01   8.07783596447810e-01   4.15887429646286e-01   7.99593744307853e-01   8.68999618719926e-01
   7.93046665338450e-01   9.09212752697575e-01   7.36195097910542e-01   7.62530290018707e-01   7.49249598477329e-01   7.38283982174194e-01   7.39431196140703e-01   7.64897553971946e-01   9.07131350512758e-01   7.56601935186076e-01   7.71175186235117e-01   7.56023450973189e-01   7.25455630894490e-01   9.04098294735441e-01   7.65683401888598e-01   3.92966671107590e-01   7.78425583024176e-01   9.02476725428394e-01
   7.01204770448826e-01   9.10163086402889e-01   7.39549737784277e-01   7.41483469900573e-01   7.38399276776846e-01   7.32592102321685e-01   7.18908844705707e-01   6.73267787858031e-01   9.03379601434900e-01   7.40302691091318e-01   6.67524115785332e-01   7.36305242456990e-01   7.13253266685338e-01   9.07196390869572e-01   7.60144205668810e-01  -6.46129620675090e-02   7.00377996870476e-01   9.01726819869676e-01
   7.14148474158375e-01   9.27939458812110e-01   7.55283390181186e-01   7.55369014388760e-01   7.54921524761137e-01   7.29899861229267e-01   7.64426582333767e-01   6.57563110499398e-01   9.24780379517164e-01   7.52983279555450e-01   6.70082762812393e-01   7.49939004141662e-01   7.43895703655320e-01   9.24589659510949e-01   7.65620130541376e-01   1.08195803539894e-02   7.03516166898484e-01   9.22746285134592e-01
   7.44635294688210e-01   9.08589341553742e-01   7.48127389245105e-01   7.73971297509419e-01   7.42595862042514e-01   7.52841433840446e-01   7.42308961654997e-01   7.07948565255164e-01   9.03996047818014e-01   7.73817390862179e-01   7.12799995660464e-01   7.69325354022885e-01   7.28121798171463e-01   9.03274291141377e-01   7.95235860440498e-01   3.47343572488787e-01   7.38152111098169e-01   9.02757077488709e-01
   7.56578456974330e-01   9.24867515209540e-01   7.55180532409207e-01   7.99121833363205e-01   7.54186251082813e-01   7.35017129953737e-01   7.65512709337854e-01   7.20431017784319e-01   9.17707910183215e-01   7.93058057212833e-01   7.25241704884570e-01   7.97761322813533e-01   7.46301360252453e-01   9.23549736092211e-01   8.12837743057007e-01   2.36541846019215e-02   7.53558152084194e-01   9.20125991450733e-01
