   9.11743908788990e-01   7.83980512579406e-01   8.31781905995659e-01   8.34668619756843e-01   7.66737452730522e-01   9.08475307689189e-01   2.72510988175073e-01   8.41712066433466e-01   7.45662924499221e-01   8.27582051005852e-01   7.65870151967191e-01   8.44963022115772e-01   7.71015540138801e-01   8.26297115662377e-01   8.47118388993872e-01   9.09730957089782e-01   9.02743412879187e-01  -7.42843470900739e-02   8.36759077495334e-01
   7.99422488968993e-01   7.32982180635206e-01   7.72462149697997e-01   7.62284679623727e-01   7.28377463773451e-01   7.88840044843634e-01  -1.89868420868124e-01   7.78334040192886e-01   7.25846825324256e-01   7.58828399683802e-01   7.35281934106225e-01   7.71991838916355e-01   7.30959839013045e-01   7.60173969355323e-01   7.87691276236688e-01   7.91304675064196e-01   7.84650601581484e-01   3.56796089978248e-01   7.74695660683045e-01
   9.15843861589941e-01   6.64651596769361e-01   8.35334052996903e-01   8.13978349165645e-01   6.62452292564951e-01   9.15340163527751e-01   3.49745045696145e-01   8.37753593043219e-01   6.54907208465204e-01   8.25666274598597e-01   8.46208013248701e-01   8.28572476093988e-01   6.54632426912610e-01   8.09943922110999e-01   8.29471949992594e-01   9.06824351239248e-01   9.10160418074956e-01   3.30141934781561e-01   8.19075694972930e-01
   8.82909035108524e-01   7.78860967153640e-01   7.76452376816107e-01   8.31579391749641e-01   7.61973624049797e-01   8.73439172226857e-01   3.41322970416016e-01   7.66731145493857e-01   7.58460414474443e-01   7.60161949971326e-01   8.46188871159629e-01   7.74422827881009e-01   7.68980964314443e-01   8.27004988508943e-01   8.45302250405310e-01   8.84369426713839e-01   8.79062217717474e-01  -1.16703300075447e-01   8.37262765959699e-01
   8.28316140926894e-01   7.96109225357125e-01   7.79083717414535e-01   7.61354037534685e-01   7.86670527490685e-01   8.29591013355525e-01   4.25557390122200e-01   7.94464703860782e-01   7.68269515518978e-01   7.76569598536837e-01   8.44177245768701e-01   7.89436037023662e-01   7.92812755320809e-01   7.65795065499157e-01   8.05474761300274e-01   8.11862152448914e-01   8.18339017793308e-01  -1.85315042611880e-01   7.77095966170710e-01
   9.07719452899573e-01   7.95559093499341e-01   7.69394226222906e-01   8.16661463970352e-01   7.84345998317091e-01   9.04502246566166e-01   4.13131558305482e-01   7.77750026681637e-01   7.79134017820738e-01   7.70131213779016e-01   7.60179537673597e-01   7.85533500200331e-01   7.87719661366569e-01   8.17671745357249e-01   8.34603534651180e-01   9.03335605015636e-01   8.98032815470328e-01  -2.60362258874701e-01   8.15740766862306e-01
   9.08224053732403e-01   7.46217494332972e-01   7.86696005466047e-01   7.69938903457250e-01   7.40261892078218e-01   9.05481612047939e-01   2.22878347013494e-01   7.88279339008334e-01   7.31363011282029e-01   7.78591658507055e-01   8.02266057347206e-01   7.86676737070491e-01   7.46127762790617e-01   7.65255827000612e-01   7.88654697032402e-01   9.03551718868843e-01   8.98553805685974e-01  -1.33924203719897e-01   7.73239633297700e-01
   8.88635907166444e-01   7.60848681412799e-01   8.44253316820698e-01   8.20065445772694e-01   7.47362838017677e-01   8.87086816773810e-01   3.27911294450547e-01   8.43999707795023e-01   7.29150446644010e-01   8.33669859587867e-01   8.15230722533952e-01   8.45308467192044e-01   7.58041959126154e-01   8.19529059765771e-01   8.36262510924751e-01   8.79819059109809e-01   8.80105407279055e-01  -2.09543094133231e-01   8.22595280254839e-01
   9.02207090676121e-01   7.98103855725648e-01   8.45702413931983e-01   7.55499801062525e-01   7.86404112073809e-01   8.98779297764177e-01  -4.96613593517767e-01   8.47080004072875e-01   7.75989767029351e-01   8.45054439302013e-01   6.91810894998534e-01   8.57942931485728e-01   7.88523701894351e-01   7.55785639252984e-01   7.78569855227478e-01   8.98114692238010e-01   8.92756120710723e-01   1.77024343967088e-01   7.69337949320618e-01
   9.12126077122209e-01   7.96701396317854e-01   7.87366387825284e-01   8.18339001127311e-01   7.76446109120796e-01   9.03553815931779e-01   4.51324718440783e-01   7.89592643103591e-01   7.80389100424221e-01   7.78483499568962e-01   8.51390738021115e-01   7.85276945117017e-01   7.76418109422954e-01   8.12762099406464e-01   8.33887307655815e-01   9.06788896943444e-01   8.98210232550599e-01  -1.47949875402347e-01   8.25593198296339e-01
   7.47215480521802e-01   7.49601948915897e-01   7.55653909590451e-01   7.44485220896842e-01   7.27994723365508e-01   7.31982054809673e-01   2.10774480781676e-01   7.72735058716626e-01   7.21433862517690e-01   7.38478824590527e-01   7.61054149235323e-01   7.61208170324777e-01   7.29776814235297e-01   7.28494563925002e-01   7.71526731455473e-01   7.11133667734704e-01   7.19944985379917e-01  -2.33286141981829e-01   7.49895217307753e-01
   8.82661217992614e-01   7.46783222554463e-01   7.90393377516882e-01   7.54509475008406e-01   7.42951562654013e-01   8.79682261334294e-01  -6.26216592068270e-02   7.97509084392072e-01   7.36026340468916e-01   7.86557578057827e-01   8.21858861892658e-01   7.92968853854198e-01   7.43505730739111e-01   7.52095299469255e-01   7.82336187438314e-01   8.69877780957852e-01   8.67490248392173e-01   2.78065067289097e-01   7.67086126464442e-01
   7.93628232671781e-01   7.25042843427775e-01   8.31983836292023e-01   8.48728390006205e-01   7.03189905802870e-01   7.84764094961138e-01   2.99305126572101e-01   8.35586653273853e-01   6.79241180609887e-01   8.26278922953113e-01   2.56886575739608e-03   8.43267524558803e-01   6.99719974201386e-01   8.48410272552441e-01   8.62329157740198e-01   7.53220832385088e-01   7.76229492982829e-01   3.53755819806894e-01   8.49820227108800e-01
   9.23316654383821e-01   7.97654814762568e-01   7.24483239146584e-01   8.20751773307544e-01   7.75759480347308e-01   9.21449224842659e-01   4.60019194246024e-01   7.19222689082259e-01   7.80221824602151e-01   6.99066705638544e-01   8.47994015365773e-01   7.07908206327267e-01   7.79952455011075e-01   8.11971935790991e-01   8.31009229308715e-01   9.19683457429406e-01   9.15674571364823e-01  -1.14407365406861e-01   8.25200958171524e-01
   9.10956271826407e-01   8.16230987624053e-01   8.14940691344408e-01   7.56839294805778e-01   7.98997169279821e-01   9.10784845314302e-01   4.16385529857428e-01   8.20940690913046e-01   8.02929506432178e-01   8.09041541607065e-01   8.45598985000316e-01   8.22157929971385e-01   8.09253583221980e-01   7.62943154312128e-01   7.96548963060435e-01   9.06847020858123e-01   9.06503576480187e-01  -2.47361376262772e-01   7.80453248777508e-01
   9.04065604235678e-01   7.46628109306281e-01   8.14011383698185e-01   8.12900058550530e-01   7.50423587588267e-01   9.05997877443202e-01   2.04255424546272e-01   8.15336735426389e-01   7.33822019998445e-01   8.05343487240267e-01   8.21299056338585e-01   8.11640855040442e-01   7.42253031797175e-01   8.07756188537856e-01   8.27384558626858e-01   9.01999285548389e-01   8.98209998395476e-01   1.13067164244258e-01   8.07295399110536e-01
   8.97489046293482e-01   7.81815441290030e-01   7.97548147726542e-01   8.06438969199114e-01   7.68701454328087e-01   8.95434101656794e-01  -3.01206061045440e-01   8.04132247719238e-01   7.64580497738406e-01   7.78600188733429e-01   7.92961355069433e-01   7.84275993954856e-01   7.62694018774675e-01   8.05576967550668e-01   8.16976819368046e-01   8.86193686841714e-01   8.89244025051760e-01  -2.06506971058318e-01   8.07105063000787e-01
   9.06215013851414e-01   8.17059239631886e-01   8.26030639638239e-01   8.36326883771838e-01   8.13212701911603e-01   9.02180172513552e-01  -5.26051963184451e-02   8.38768363386184e-01   8.08551761665309e-01   8.13671770159769e-01   7.68101812753922e-01   8.23421651945843e-01   8.12966036820161e-01   8.34548340542587e-01   8.55749015869966e-01   9.04413560273876e-01   9.00897280845482e-01  -1.17016822632579e-01   8.38341569460409e-01
   8.17151020053780e-01   7.79771030131429e-01   7.28633496361680e-01   7.79088816734842e-01   7.77179503862872e-01   8.10388925655016e-01   2.20660721428408e-02   7.31147482562744e-01   7.65691139724315e-01   7.22419557074627e-01   4.27349472730038e-01   7.43302352910972e-01   7.74011542002530e-01   7.71056277527704e-01   7.93213336494298e-01   7.97492707839729e-01   7.86423296441010e-01  -4.92610255799775e-01   7.88854698065194e-01
   8.98059818162122e-01   7.64521614464827e-01   7.33805995501855e-01   7.72822673029626e-01   7.46744345616668e-01   8.93427288309275e-01   9.01029835806138e-02   7.38924993416707e-01   7.46882260041101e-01   7.19009877573243e-01   6.60919944899630e-01   7.48918358604386e-01   7.39333274035024e-01   7.69550241849023e-01   7.98239706162126e-01   8.95966319260261e-01   8.82766299226304e-01  -2.90759715745823e-01   7.82869376304258e-01
   9.10767460969860e-01   8.00735396097213e-01   7.70555804842598e-01   8.21720749543936e-01   7.85897044067565e-01   9.08275161867005e-01   4.27274157005119e-01   7.61184333987408e-01   7.81638775359193e-01   7.59523527217001e-01   7.33765384483380e-01   7.72919796759910e-01   7.87479303696129e-01   8.12235200209592e-01   8.31983312812201e-01   9.08357177906404e-01   9.03750983800043e-01   3.54575693255855e-01   8.22795571872806e-01
   8.92749617599092e-01   7.31677588373359e-01   7.36167365363782e-01   7.41723197298127e-01   7.10382396189076e-01   8.91633683782347e-01   2.35400143710551e-01   7.41355073931571e-01   7.10693296946555e-01   7.25247645093722e-01   8.42335408562139e-01   7.61982880523170e-01   7.08824532260620e-01   7.35740064892317e-01   7.65808514886932e-01   8.94269193698077e-01   8.87400759829065e-01   2.82918096035711e-01   7.46631723285867e-01
   8.69845981773317e-01   7.90627059785820e-01   6.71636329464604e-01   7.76011381969008e-01   7.87332332639276e-01   8.57865008728398e-01   2.69541192845804e-01   6.65553309055269e-01   7.79083831412490e-01   6.45668570875792e-01   8.47422452050037e-01   6.71625861984061e-01   7.88852075822153e-01   7.64440785416562e-01   7.87756804169465e-01   8.52317463496571e-01   8.45199028396090e-01   1.81978228248344e-01   7.80413478452893e-01
   8.08241645758628e-01   8.05558625727511e-01   8.33134515870366e-01   7.55545279079028e-01   7.99455401348911e-01   7.98755108485925e-01  -2.13825284076339e-01   8.35286277428654e-01   7.88072581234396e-01   8.31876530361902e-01   7.18933872068318e-01   8.48767109755308e-01   7.98558361988962e-01   7.53861651909285e-01   7.76922120997964e-01   8.01082542887995e-01   7.88586044717686e-01  -1.40493066823505e-01   7.70836546767274e-01
   9.02855763400447e-01   7.40109192048225e-01   7.70335546823029e-01   8.02585267938428e-01   7.36864028524030e-01   9.04125854488998e-01   2.17444104837088e-01   7.73010695269705e-01   7.31042278622702e-01   7.60924793451678e-01   7.63221455360804e-01   7.71650107134791e-01   7.35094072665495e-01   7.99936220109092e-01   8.23363305521380e-01   9.00649081494514e-01   8.98572018578665e-01   3.61468544474791e-01   7.94855721984224e-01
   8.92778892981874e-01   7.95630053784094e-01   7.55199958914086e-01   7.99434712521672e-01   7.86348980790365e-01   8.86279527828956e-01   3.53763451217770e-01   7.61884001100347e-01   7.77506213217501e-01   7.42727127791615e-01   8.37332894110957e-01   7.44524618420185e-01   7.84136649555101e-01   8.00029981413062e-01   8.30255732149106e-01   8.84990072491562e-01   8.85777860311511e-01  -3.15696833178002e-01   8.04757037091769e-01
   9.13616482890183e-01   7.49706992327505e-01   7.82793954395498e-01   7.54344981278098e-01   7.43746266261571e-01   9.12769586816506e-01  -1.70384790744516e-01   7.90708994128088e-01   7.43391680083045e-01   7.75235501509810e-01   8.48673403491635e-01   7.83816019176718e-01   7.47442230780119e-01   7.55170794662696e-01   7.90148784165012e-01   9.12216973377671e-01   9.13080651195152e-01   2.69899087432564e-01   7.69107943125212e-01
   9.08223127846555e-01   8.20180347119781e-01   7.26965600189432e-01   8.15019796883329e-01   8.08581655181381e-01   9.04233537009301e-01   4.96693567426724e-01   7.19897216485028e-01   8.04073547488906e-01   7.03445892578213e-01   8.40411756334300e-01   7.07678628015092e-01   8.06839079271493e-01   8.19836823945687e-01   8.36479701451973e-01   9.05480083966817e-01   9.00094048026847e-01  -7.61275845274439e-02   8.22777059333503e-01
   9.01250717284552e-01   7.86340439456605e-01   7.92256586814048e-01   7.76287708298091e-01   7.67793132442984e-01   8.95258055014730e-01   3.58910532442903e-01   7.99571636939386e-01   7.60491989269567e-01   7.83425778865042e-01   8.55776447849987e-01   7.95478826565694e-01   7.67642603372722e-01   7.69459267674499e-01   8.11968319628467e-01   8.90689857408428e-01   8.95992330260164e-01   1.96845268182642e-01   7.88912520652777e-01
   8.84531047592379e-01   7.83238662986261e-01   8.34786488647117e-01   7.61285727013285e-01   7.79401404034930e-01   8.84172390265260e-01   3.28855825280135e-01   8.42430537415205e-01   7.69695515917853e-01   8.28185858603717e-01   8.65139402413634e-01   8.34360163311479e-01   7.76912620854910e-01   7.64985819005563e-01   7.89894828396495e-01   8.83157628488558e-01   8.76126690811636e-01   2.90467089214942e-01   7.74233071906942e-01
