   7.00270539392690e-01   4.52760170519928e-01   5.89677936011501e-01   2.74807287465307e-01   7.42696052354257e-01   8.62153470791362e-01   7.89476019818620e-01   5.12891948532258e-01   6.09762657767431e-01   7.95792088977518e-01
   7.64479956023604e-01  -9.13306190740910e-02   6.85427246570349e-01  -2.54936586189571e-02   7.61041470598099e-01   7.66681043687189e-01   7.79037414341589e-01   6.57115155139529e-02  -8.09827585995893e-02   8.18360743973048e-01
   3.14015793811001e-01   3.32489464254810e-01   5.66300677222727e-01   1.28441091686251e-01   7.90193537366558e-01   7.91256599043889e-01   4.42135695085907e-01   4.74388277425192e-01   5.27223997422826e-01   7.96313348571885e-01
   6.44614840603760e-01   2.32089921359081e-01  -1.88606982580318e-01   3.17750519116838e-01   5.31236096382035e-01   7.75225654701913e-01   7.48206735846382e-01   5.32780907282990e-01   7.20334029076777e-01   7.66265412737858e-01
   7.08657008768018e-01  -7.99793229031009e-02   6.68582976978519e-01   3.52594519788029e-01   7.04801524892408e-01   7.90059194162609e-01   6.46624960242111e-01  -1.93247760609370e-01   6.83044538786350e-01   8.11612586094732e-01
   6.95514188810890e-01   4.78406273447134e-01   7.08964840557087e-01   2.86277401999784e-01   5.65246765932961e-01   8.27896165582583e-01   7.61922034617282e-01   4.96433959668621e-01  -2.07429922045343e-01   8.01145993947998e-01
   6.18785333463431e-01   3.91487948081238e-01  -2.50723824608479e-01   3.32658478285677e-01   6.03886939593468e-01   8.19554528314879e-01   4.78109642204955e-01   4.55256688479298e-01   6.39487326562830e-01   1.73588230981378e-01
   7.61695142263690e-01  -1.17631972060129e-01   4.27214765472295e-01   3.44502252410962e-01   7.58093141884153e-01   7.70673197037040e-01   7.82882156586094e-01   6.53871168595094e-02   7.01101298759819e-01   8.23789168740721e-01
   3.14441225125202e-01   3.32475122248539e-01   5.66249418729433e-01   1.28244050159254e-01   7.90185632654371e-01   7.91430683790988e-01   4.42720452904656e-01   4.74701106420477e-01   5.27509736571348e-01   7.96219923282992e-01
   3.91720212054537e-01   3.56974147064899e-01   6.71195156709638e-01   1.03981769427091e-01   6.20238672696404e-01   7.61536529196352e-01   4.73015690817012e-01  -2.39700853651170e-01   6.70013881523265e-01   8.13102775288583e-01
   7.25640284973894e-01   2.09003201125507e-01   4.99148088954024e-01   2.61681122866033e-01   6.94520041355460e-01   7.89596453938581e-01   6.44336742589374e-01  -3.17890275364310e-01   6.50584891672455e-01   8.23578198444628e-01
   7.60100857701802e-01  -1.45312301063174e-01   4.94455993794409e-01  -4.94104984933800e-02   7.41943477203825e-01   8.37444336020817e-01   6.02342922202596e-01   3.44304863268885e-01   7.29846601250036e-01   7.63400520647710e-01
   3.29479185225278e-01   4.72650065663435e-01   6.14232717010071e-01  -1.37671855678247e-01   7.62235810098748e-01   7.49474370022928e-01   7.68636629617820e-01   5.60285770215079e-01   6.75392836972058e-01   2.40848618329133e-01
   6.69137122669817e-01  -1.02378515735025e-02   6.48057301800180e-01  -1.14825733024415e-01   6.46435645497874e-01   7.76461075606874e-01   6.09936124208645e-01   5.64164467489842e-01   7.20160960737753e-01   7.60293533290049e-01
   7.06423674032190e-01   2.39079452939706e-01   7.17257568547961e-01   8.06062662274332e-02   7.50498282414987e-01   8.60928474845420e-01   7.88182710700364e-01  -4.19972490683839e-01   6.23518164195731e-01   7.83853361655786e-01
   5.78005748468619e-01   5.06885253402891e-01   6.45606906687182e-01   1.98510683565782e-01  -1.03010081342790e-01   8.27982497879805e-01   6.26264150635093e-01   2.54607631512035e-01  -2.07864199478028e-01   5.38920206071685e-02
   1.27481846766358e-01   1.34167999887344e-01   6.49103287948267e-01   6.77731387582592e-02   7.74596401871606e-01   7.13165731429562e-01   7.59310101918768e-01   5.23485185483912e-01   7.04947088153294e-01   7.43732846260738e-01
   6.58732008912756e-01  -1.41507909766827e-01   6.00619885999903e-01   2.89747178156145e-01   6.38609581907145e-01   4.75744847666700e-01   7.35912167496527e-01   5.33776386807005e-01   7.38398506428097e-01   7.76442435532760e-01
   6.81960177270375e-01   2.00387630798443e-01   7.08228973241393e-01   2.68118589044416e-01   5.97985116562974e-01   7.52622889700561e-01   7.66958716888783e-01   4.39740009555965e-01  -3.43716618266985e-01   7.66490583027838e-01
   5.91999443372236e-01   2.29144372746023e-01   6.03312442949323e-01   3.12447986624916e-01   6.05000513535614e-01   8.23787176852876e-01   7.12792072288073e-01   4.61598395676511e-01  -2.43452485578539e-01   7.64141039318523e-01
   6.90505315036702e-01   2.92147435354730e-01   6.49429720614634e-01  -2.44764964758496e-01   6.26919998450205e-01   7.64375611506389e-01   6.22729783900122e-01   5.52374479554642e-01   6.50174948340762e-01   1.38323741414245e-01
   7.51932107712132e-01   4.83308701276126e-01   5.65176653978145e-01   3.69830350158203e-01   7.33661467832487e-01   8.53123982730681e-01   7.67688755911493e-01   4.91218848416783e-01   7.24438166665860e-01   7.88873134817645e-01
   5.51536295210655e-01   5.27052995014248e-01   6.60176539857769e-01   2.89759745554515e-02  -2.25329347854639e-01   8.31661955786586e-01   7.89709949551354e-01   3.95061787964217e-01   6.70352828473720e-01   7.20994267726066e-01
   6.72599286829780e-01   3.57972043691081e-01   2.78699755067300e-01  -1.84394601022902e-02   6.65063583563151e-01   8.06762784918924e-01   7.25489869370378e-01   5.23494094587397e-01   7.34097963329207e-01   5.93762540382076e-01
   7.12378297382637e-01   4.70503413293888e-01   6.36121193048647e-01   2.99814216964577e-01  -2.39054803945039e-01   8.17546810397327e-01  -1.37762740631986e-01  -4.99214979893880e-02   1.93046861133675e-02   7.81339995790937e-01
   7.35126238531814e-01   1.90107210855141e-01   6.76534752818355e-01   3.41974014766463e-01   7.35005080425019e-01   7.94015392876786e-01   3.09108382334338e-01  -3.26300146177986e-01   6.69091498066096e-01   8.21614641694556e-01
   5.04037150668198e-02  -1.22496026597280e-01   6.60545686732849e-01  -3.88106844468447e-01   7.73535266740502e-01   6.57224492873403e-01  -1.21111437222763e-01   3.59930229792153e-01   6.95750947928651e-01   7.15973919968408e-01
   7.28812395202717e-01  -5.11615843702577e-02   6.87731148792027e-01   2.61056664960885e-01   7.51821553401151e-01   8.30505504604558e-01   6.46711546978388e-01  -3.34019329438789e-01   6.70284249043047e-01   8.30864912742884e-01
   7.18038952262716e-01   2.20453320743221e-01   7.03580627745444e-01   2.95881259866524e-01   7.39585694880202e-01   8.10743930027231e-01   7.64966069185025e-01   1.01219244296386e-01   6.38496918180339e-01   4.57920307080919e-01
   6.66487052697124e-01   2.54699243596618e-01   6.48637724590362e-01   7.50438126144079e-02   7.16981907971090e-01   8.59026884492194e-01   7.76181187044751e-01   5.19865349236917e-01   6.20973818500470e-01   6.88230589576229e-01
