   7.29704207072598e-01   8.50894361819401e-01   8.02688014488075e-01   8.11135727502540e-01   8.17213671424396e-01   8.18775366437961e-01   8.55617031361022e-01   8.61615533664394e-01   8.50105479233915e-01   8.13603524362106e-01   7.06731097096725e-01   5.86729876618266e-01   7.42136381337855e-01   8.64200770082300e-01   8.14368611064546e-01   7.32352879954763e-01   8.56145110944826e-01
   7.44447304562400e-01   5.85301675596134e-01   6.68396519010057e-01   6.83483713463922e-01   7.88353916894816e-01   7.12786705332440e-01   8.56739837845593e-01   6.50102940242972e-01   8.44179127278333e-01   6.95156357068840e-01   7.27168697939053e-01   3.12612976614044e-01   7.62104643126381e-01   6.46786746368500e-01  -3.89058313793231e-02   7.38459182866918e-01   6.73203416057621e-01
   6.09651825701631e-01   8.46450454506152e-01   7.65976650801707e-01   7.72087006381284e-01   8.03200089316884e-01   7.83001466443353e-01   8.51964773394079e-01   8.53240813602680e-01   8.38175782263514e-01   7.82157000360572e-01   5.91341186619014e-01  -1.37012984648097e-02   6.33052686975124e-01   8.56843919362966e-01   8.04572667877109e-01   5.87430419124880e-01   8.47634609436395e-01
   7.83191215147714e-01   8.48152727764463e-01   7.74534962169953e-01   7.84935298238963e-01   8.59191987202286e-01   7.76366286100295e-01   9.07669097936833e-01   8.63803871260913e-01   9.04214514387919e-01   7.87212485561548e-01   7.57515173498324e-01   5.81414557541875e-01   7.94721886305366e-01   8.70378123627992e-01   8.84510793947246e-01   7.79694409653829e-01   8.56592939481989e-01
   7.31098764872390e-01   7.99197942630175e-01   7.30741219762289e-01   7.44922620559151e-01   8.34055494717068e-01   7.45578070965671e-01   8.98937686461898e-01   8.21423281460619e-01   8.90373774461356e-01   7.54924488593744e-01   7.10226820418859e-01   5.63135238738464e-01   7.45850360108925e-01   8.31863915160689e-01   8.74429320528196e-01   7.31417136896988e-01   8.14504145951365e-01
   6.62899703531193e-01   8.28750182506546e-01   7.94434543363195e-01   8.19536316075398e-01  -3.93345902523106e-01   8.17541330287789e-01   8.89804400336738e-01   8.42605849136678e-01   8.83271149787923e-01   8.05579980104741e-01   5.68871207714435e-01   4.77705931374952e-01   6.15332892130249e-01   8.47517250778726e-01   8.55665663265977e-01   5.90249872476173e-01   8.38845989150265e-01
   7.81309274399760e-01   8.39333014734919e-01   7.71840518334205e-01   7.81932305623537e-01   8.59778484844345e-01   7.75654727222687e-01   9.09376082192617e-01   8.57320932924422e-01   9.05518603570616e-01   7.82100256284680e-01   7.53789481283495e-01   5.83041323083039e-01   7.96005782353759e-01   8.63653230204453e-01   8.85501596220715e-01   7.77862141905511e-01   8.49198065504239e-01
   6.57732310758966e-01   6.89852776346196e-01   6.91952543411601e-01   7.07905038505912e-01   8.06439623694714e-01   7.20915102399430e-01   8.58277996796580e-01   6.99486018808660e-01   8.46746801426926e-01   7.18242655567060e-01   6.53050980244678e-01  -2.50579825423233e-01   6.81061707775801e-01   7.22623347768415e-01   8.15835044921953e-01   6.53923358920699e-01   6.77920398130030e-01
   7.85541878677483e-01   8.52490733915801e-01   8.12476533860379e-01   8.21709567464334e-01   8.51871950641965e-01   8.21410216286320e-01   9.00210069832500e-01   8.60420539671788e-01   8.94200037640085e-01   8.20480251046529e-01   7.59929919043758e-01   6.03293414395465e-01   8.05332841657533e-01   8.66665241041866e-01   8.71490865524778e-01   7.88882344878843e-01   8.56278841832705e-01
   8.00022160435090e-01   6.64068928446164e-01   6.25771816872062e-01   6.52766347523969e-01   8.44521241497179e-01   6.61299466015617e-01   8.91917772512429e-01   6.85279386470210e-01   8.89120912250968e-01   6.49354313944176e-01   7.73149385681298e-01   5.71978482110924e-01   8.15158923183632e-01   6.96331835770946e-01   8.71051550829131e-01   7.99510314101448e-01   6.73724749577104e-01
   7.85578601038785e-01   8.52196273365236e-01   8.12424546034454e-01   8.21669557530959e-01   8.51939571853017e-01   8.21407646596721e-01   9.00312035923658e-01   8.60135959214648e-01   8.94228165014271e-01   8.20482016913581e-01   7.59946026490770e-01   6.03782920193562e-01   8.05342072702515e-01   8.66433793776085e-01   8.71640250051875e-01   7.88894773914638e-01   8.56089008528290e-01
   7.63390370956044e-01   8.52980194049973e-01   6.39584534534692e-01   6.67765475811883e-01   8.45753551542125e-01   6.84455845402518e-01   8.94397732181266e-01   8.57795100480668e-01   8.96504611187779e-01   6.64006351109476e-01   7.39401213375876e-01  -1.74006098571488e-01   7.81047344563102e-01   8.62132588781332e-01   8.63547640003085e-01   7.65842812909381e-01   8.55552761865105e-01
   8.07944006226289e-01   8.35599054917412e-01   7.02868026727873e-01   7.28961133759883e-01   8.44050270182056e-01   7.51636188183041e-01   8.99504609416120e-01   8.50252464146386e-01   8.95611648942991e-01   7.47115482276597e-01  -5.59625205013815e-01   4.60171566928256e-01   8.12405564422493e-01   8.54385624850300e-01   8.74218529246035e-01   7.98670936266250e-01   8.46014941174766e-01
   7.19610951819565e-01   8.55071778943468e-01   7.91857917816554e-01   8.00888992091912e-01   8.51811362263304e-01   8.07156815262423e-01   9.06414329573018e-01   8.66448127972121e-01   9.00620302433049e-01   8.01801498285350e-01   6.99026752965296e-01   5.87617920891886e-01   7.40113998493108e-01   8.71321010036930e-01   8.78322370531147e-01   7.29573584033126e-01   8.61171818801319e-01
   6.49692646543538e-01   8.59361201652050e-01   7.89746197303948e-01   7.97947069689243e-01   8.10737638623238e-01   8.02551842379318e-01   8.51324808568071e-01   8.62890583211443e-01   8.43429466810345e-01   8.03120709045263e-01   6.27294689624298e-01  -1.39269904844069e-01   6.85605900369673e-01   8.66630671751939e-01   8.11473963491505e-01   6.37313645382091e-01   8.58741035387526e-01
   7.60920234560140e-01   8.31161892078265e-01   7.42456196565731e-01   7.53701930386864e-01   8.51109448470227e-01   7.64040133251936e-01   9.09255868140474e-01   8.44315542757367e-01   9.06423316415416e-01   7.69135605206815e-01   7.40193063562574e-01   5.93010070048415e-01   7.86279008116703e-01   8.49458529471809e-01   8.81337843457100e-01   7.66950529221462e-01   8.38371277960705e-01
   7.44074933287657e-01   8.31649701522238e-01   7.85583391926338e-01   7.95887304563138e-01   8.55502282556272e-01   7.94176307208407e-01   9.07259896439290e-01   8.46579664043695e-01   8.99620421655670e-01   7.98433213538835e-01   7.23930635562353e-01   5.70040787391788e-01   7.56024201485340e-01   8.58202464218525e-01   8.77715746831030e-01   7.43417220745964e-01   8.40647504828004e-01
   7.35234840805287e-01   7.54414781357997e-01   6.67866220793948e-01   6.89691271718206e-01   8.11111005383604e-01   7.11616221263611e-01   8.72109942048184e-01   7.62192240841745e-01   8.67047266341512e-01   6.96036895931889e-01   7.20926463329937e-01  -1.56798225894415e-01   7.59766589697817e-01   7.70201845516117e-01   8.52308218212637e-01   7.29886743251190e-01   7.51537195597538e-01
   6.37326144554339e-01   6.57313774881348e-01   8.02971579054398e-01   8.24439102174401e-01  -2.85637134648022e-01   8.26234661845602e-01   8.36278874397423e-01   6.39651013554815e-01   8.40150341439082e-01   8.16846385677754e-01   6.27040866682915e-01   5.38646686099249e-01   6.56754854628735e-01   6.62970009919985e-01   7.87090615020551e-01   6.34306588629614e-01   6.33076237332765e-01
   7.91282553301466e-01   8.52687258832027e-01   8.12590337025912e-01   8.21592180869657e-01   8.52776553037570e-01   8.21704384394782e-01   9.00417737663752e-01   8.60367201925344e-01   8.94109589677940e-01   8.20532928517317e-01   7.65229189937471e-01   6.04187742584358e-01   8.10508145589388e-01   8.66853829951991e-01   8.71167784074180e-01   7.94610487214329e-01   8.56252806587237e-01
   7.74546134703753e-01   6.86075340531311e-01   6.14488549793303e-01   6.35225976679389e-01   8.52531116347379e-01   6.48397594151648e-01   9.06366981900687e-01   7.10958049405693e-01   8.97806375372776e-01   6.47008961821446e-01   7.37228107407654e-01   5.74701854744751e-01   7.85508961500387e-01   7.24031495139813e-01   8.75509080887984e-01   7.64580162837389e-01   6.91223137804265e-01
   7.83793244556431e-01   4.99261163963812e-01   7.53199432867060e-01   7.70286231706985e-01   8.08774479527904e-01   7.55860487619756e-01   8.63645879681871e-01   5.63024297491559e-01   8.53370185410498e-01   7.63551392055538e-01   7.55884377077020e-01  -1.99860380694474e-02   7.99338836885056e-01   5.70670819714258e-01   8.49711824397803e-01   7.82380280793194e-01   5.08038706338899e-01
   7.98052310030066e-01   8.51725111118740e-01   7.24461101003827e-01   7.28734080270129e-01   8.07461293616929e-01   7.39276780461430e-01   8.59545645441383e-01   8.61136578250542e-01   8.52251781847413e-01   7.44975952949631e-01   7.67800767751810e-01   5.93990860752615e-01   8.13054894332457e-01   8.66342339469888e-01   8.25593530382024e-01   7.90550949277808e-01   8.55654492700198e-01
   7.22865550604012e-01   8.35259210584963e-01   7.52567380284063e-01   7.63001176892548e-01   8.60916640927907e-01   7.75941727255784e-01   9.15297102866606e-01   8.53445994134111e-01   9.09799167640057e-01   7.68254141591390e-01   6.88865524314933e-01   5.74750138105106e-01   7.40265866370633e-01   8.57089876720120e-01   8.90655311603410e-01   7.25149879566972e-01   8.42091818159551e-01
   8.00514193239529e-01   6.64105408482883e-01   6.26851243130952e-01   6.53958608474112e-01   8.44242481991090e-01   6.62287388707250e-01   8.91208870973707e-01   6.85741054658197e-01   8.88307496600658e-01   6.50384543407709e-01   7.73635014699818e-01   5.72481415889452e-01   8.15540487859782e-01   6.96885621889247e-01   8.70299330211976e-01   8.00003926187427e-01   6.73526755072302e-01
   7.79537545439845e-01   8.70912342546668e-01   7.56749004536672e-01   7.75513253092419e-01   8.53668328416973e-01   7.82166670445455e-01   9.12674011439430e-01   8.75726113167117e-01   9.07054785436840e-01   7.80462370636183e-01   7.50757415618636e-01   5.44676422279820e-01   7.97819660863025e-01   8.81512856369576e-01   8.84626462697183e-01   7.76398397753074e-01   8.70566447638710e-01
   7.40568021152034e-01   8.63010770210541e-01   6.90195328568239e-01   7.06886068562906e-01   8.18307019467535e-01   7.26474156374345e-01   8.67657863344094e-01   8.68179187754020e-01   8.55065294278646e-01   7.21360717556502e-01   7.19579068561555e-01  -9.49249252134268e-02   7.59817400519232e-01   8.72111545098985e-01   8.23064941369173e-01   7.37011290069415e-01   8.64103630473079e-01
   6.99667177390801e-01   8.00062185063821e-01   7.49170913811637e-01   7.57558052548835e-01   7.98691749717370e-01   7.67365810734182e-01   8.47350584572406e-01   8.18558441591375e-01   8.48733080770858e-01   7.54424262782049e-01   6.73141643429667e-01   5.89165393724491e-01   7.15775498546900e-01   8.22901426211567e-01   8.14068640874208e-01   7.03675349934700e-01   8.10501774092797e-01
   5.91257349481097e-01   8.56639823660347e-01   7.93594537625605e-01   8.05221774685819e-01   8.14777729940682e-01   8.08714722499563e-01   8.65053079254537e-01   8.59323586798810e-01   8.53233746335596e-01   8.06629654922819e-01   5.77339370751121e-01  -5.68698256281758e-02   6.20538853958628e-01   8.65650330031717e-01   8.24080739727153e-01   5.76483020993104e-01   8.55426027002500e-01
   7.21796195285524e-01   6.05331179246207e-01   7.60997443542750e-01   7.68023287764388e-01   8.18871737949628e-01   7.65866332121123e-01   8.80998267629832e-01   6.34823981141598e-01   8.74381150380679e-01   7.72951619870810e-01   7.05237583283918e-01  -2.43423520885827e-01   7.39373918216603e-01   6.62380351256618e-01   8.58960686145921e-01   7.16470665059473e-01   6.02399734232297e-01
