   7.19579496880919e-01   6.66240514310953e-01   7.03421305597143e-01   7.77168845185089e-01   5.91930603385122e-01   5.90544583179485e-01   5.17589629823316e-01   6.72146153972016e-01   3.92527152880115e-01   6.35138827726183e-01   8.32211758868701e-01
   6.13750809537708e-01   7.23600804785289e-01   1.40986412539973e-01   7.24981105526978e-01   1.03438938568657e-01   6.52455463948714e-01   3.68821837341434e-01   5.92200426375042e-01   3.26972632978009e-01  -2.34114979044060e-01   8.16775253317418e-01
   6.16785339407861e-01   7.16166558848931e-01  -3.13574802909076e-01   7.43980276744740e-01   2.41534459825802e-01   6.57372214145605e-01   2.17433231762176e-01   6.06120884077475e-01   5.78570226406775e-01   6.75944842811023e-01   8.15661273699014e-01
   7.12740284170267e-01   6.63200635090907e-01   7.83796866497674e-01   7.16072566822417e-01   3.63283814598141e-01  -1.95690189561950e-01   4.34537178199534e-01   6.42163611151625e-01   5.46363127552879e-01   6.44937459851135e-01   7.88485371137023e-01
   6.76903382664850e-01   7.09312080710133e-01   7.89350848434950e-01   6.96550483452840e-01   1.76468292757227e-01  -2.21299469431845e-01   2.28045471940031e-01   6.11446794147446e-01   5.76629122207893e-01   6.45932508025252e-01   8.28494781999143e-01
   5.04585738038596e-01  -9.42132234340338e-02  -3.28102981135913e-01   7.12008559851381e-01   2.92197401744715e-01   6.39337384444547e-01   3.93444251150864e-01   5.87784431930171e-01   4.67063879495729e-01   6.91473684302963e-01   8.03493892455964e-01
   6.16656091669795e-01   1.67083108579588e-02   7.42104644758494e-01   7.42795992753042e-01   3.39669565275553e-01   6.22270422027213e-01   3.60569713463411e-01   5.76387224233715e-01   1.34582483893861e-01  -1.36847637819842e-01   7.26592282612922e-01
   6.13386352371962e-01   6.47343344905371e-01   3.95992764461928e-01   8.26795385679719e-01   4.43714337399006e-01   6.47050950250203e-01   4.39910742963663e-01   1.03210802487964e-01   3.62539560982331e-01   6.20796410313193e-01   7.17871045758983e-01
   6.16153063927223e-01   7.48103920852551e-01   7.88567709702045e-01   7.20666819069800e-01   4.90813888289028e-01  -2.57995569567215e-02   2.92231103415935e-01   5.64261890039806e-01   3.04812534440355e-01  -1.83635722729908e-01   7.42328697362807e-01
   7.45737445631566e-01   6.55833182886654e-01   6.33297846657759e-01   8.24220485711726e-01   3.28065616250272e-01   4.14826328591443e-01   3.17040143216654e-01  -2.78539526204093e-01   4.64314863522734e-01   6.74329209512007e-01   7.68002486214866e-01
   5.31330434363107e-01   6.79718252000480e-01   7.44391384151418e-01   6.79241009072873e-01   3.62961613578081e-02   6.13283031184629e-01   1.66543260660553e-02   5.43303230193614e-01   3.20787185246938e-01   6.21926376159833e-01  -3.01037280241981e-01
   7.55852837531147e-01   6.92280618137390e-01   4.20249792999676e-01   8.16631222243029e-01   5.12288344623515e-01   5.87164485150020e-01   3.42863765610041e-01   7.14002033924603e-01   4.10716876537799e-01  -2.95944145237719e-01   8.10918586714774e-01
   7.10891499885142e-01   6.83599775948195e-01   7.00124582600194e-01   7.13867188546784e-02   2.91880937390056e-01   5.47024862545045e-01   3.09220569835983e-01   7.12473306283489e-01  -2.02659824351522e-01   6.53821240602831e-01   7.57805454948115e-01
   7.67408943799447e-01   6.13251670725093e-01   6.96048158323285e-01   5.88564533621708e-01   2.73564044783346e-01   5.53587019253733e-01   1.83718197466406e-01  -2.55186236454641e-01   2.44977076841399e-01   4.62697440559537e-01   7.69037464589759e-01
   7.31722365295589e-01   6.23910637424353e-01   2.38048020094839e-01   4.48069607509909e-01   6.39008864990910e-02   4.73847938263122e-01  -6.47655972901987e-02   6.23318867656787e-01   4.95717423908999e-01   6.00872617661157e-01   6.73761815927197e-01
   6.55337245876838e-01  -2.09841553911786e-01   1.99517742425512e-01   7.61609412773577e-01   4.34391245590340e-02   6.45747177486268e-01   3.74750960378229e-01   6.29728729848494e-01   4.96082889014506e-01   6.54595894448138e-01   6.86081998745357e-01
   7.58591417127143e-01   6.71183207376410e-01   7.84187378994650e-01   7.93915701075505e-01   5.53388494790513e-01   3.02147192230691e-02  -1.01938775143598e-03   7.06582078119090e-01  -3.70158571660000e-01   6.34440985544900e-01   6.91902007093699e-01
   6.65280684558634e-01   7.43114445449766e-01   7.84163346014823e-01   6.96711118850336e-01   4.16542445567229e-01  -2.30938027208971e-01  -2.26921657192010e-01   6.23335331467334e-01   4.89723790815879e-01   3.02638385251856e-01   7.87795130408792e-01
   2.29297654508065e-02   5.86484026670145e-01   6.92408845056756e-01   8.15575859612134e-01   2.65102966145080e-01   5.61892448665884e-01   2.26031225771312e-01   2.55493404971431e-01   2.48056310489776e-01   5.68694587108322e-01   3.90560930987272e-01
   6.61569648855146e-01  -2.77429807576189e-01   7.26956453272967e-01   7.55695254528363e-01   1.11519123083529e-01   6.27626342050435e-01   3.96549164024328e-01   6.20961634311997e-01   4.58602647458072e-01   6.48715149937499e-01   8.05056763635314e-01
   6.81872022153285e-01   6.54704066028878e-01   6.48447031707422e-01   2.13675876625482e-01   4.71637469795483e-01   4.43628194798031e-01   4.81676769224691e-01   7.50187877654017e-01   6.54513339216471e-02   6.17093043389638e-01   8.05441731087938e-01
   1.38855323668295e-01   4.13606271387036e-01   6.91194368338764e-01   7.85010002019100e-01  -8.11861381181879e-02   5.83396789655368e-01   1.88628592864883e-01   6.64935507312037e-01   4.79258539542503e-01   6.12560028712314e-01   6.48793703922881e-01
   3.49308432532471e-01   7.08641530437722e-01   7.24471574919101e-01   7.73808776471609e-01   3.16037948978910e-01   5.88190880260079e-01  -4.99731409931551e-02   7.65884088635879e-02   4.86188076806856e-01  -1.48249096298226e-01   7.51743408440624e-01
   7.36739795240933e-01   7.02686790935558e-01   7.47860282119786e-01   7.31466752458850e-01   3.66537259930424e-01  -1.95464270577575e-01   4.14455461394714e-01   6.33950358870150e-01   5.81425046478449e-01   4.85058150851138e-01   7.93317693147325e-01
   7.17715870901119e-01   6.99031840747766e-01   7.17613426975326e-01   7.91187991998626e-01   4.34594630600855e-01   6.36334056720183e-01  -2.31777409876431e-01   6.46422331592396e-01   5.05477487393326e-01   3.07187076091350e-01   7.89628580646348e-01
  -1.85168528276541e-01   6.82365326895762e-01   5.99097597655357e-01   5.01555040597722e-01   1.48221924186031e-01   5.77444614532862e-01   2.53594530021934e-01   7.29505139192591e-01   2.24991935845761e-01   5.96495978736773e-01   7.71976492573472e-01
   6.95121017940100e-01   7.09393861956631e-01   6.93819361869939e-01   7.55483762132404e-01   4.25196237230457e-01   4.69628772587764e-01  -3.12602212911429e-01   1.34617997198746e-01   9.84326344329084e-03   4.42815281083233e-01   6.99041074279889e-01
   7.31661460905322e-01   7.20392295158488e-01   7.84445194991134e-01   7.32409601416866e-01   3.45853798576646e-01  -2.57469974447461e-01   3.66278369428846e-01   6.49880520077097e-01   3.92866224361630e-01   6.59573868546445e-01   8.11566990622426e-01
   7.18142602443927e-01   5.32360546929982e-01   7.85299709190760e-01   7.36973443947929e-01   5.40308547633250e-01   9.61283246052585e-02   1.98748488942050e-01   6.63629724381827e-01  -1.96330808854959e-01   5.28289484270642e-01   7.73379071797574e-01
   6.36665907955330e-01  -1.82157523964428e-01   6.56490683129322e-01   6.99473045730928e-01   1.59969814711241e-01   5.49158445534131e-01   4.86146446003810e-01   6.07404785547266e-01  -2.42106025154850e-01   5.37743808078074e-01   2.88928995266486e-01
