   7.82266883765099e-01   7.94961123710512e-01   6.98529063390910e-01   6.55814153906210e-01   6.62912140099536e-01   4.77556614773353e-01   3.24438031597259e-01   8.00117037189877e-01   6.86671176095652e-01
   1.22387341915679e-01   5.72308951609658e-01   3.22873541660554e-01   6.13787169262316e-01   4.14298844016724e-01   6.84326708862626e-01   3.90273722841926e-01   8.18773273863764e-01  -2.03146352094732e-01
   7.88896773518465e-01   5.52589290409235e-01   6.99482052448369e-01   1.40279788492041e-01   4.48087716199324e-01   7.10383473325793e-01   2.63692990075934e-01   7.97547035339348e-01   3.33513897161866e-01
   6.69558051801544e-01   5.53582638255589e-01   5.46903400690908e-01   6.36117421448008e-01   5.07837135657236e-01   7.11187961183103e-01  -7.23487852482760e-02   7.80330705085549e-01  -4.20558811551939e-01
   7.88381393420228e-01   3.82322123981103e-01  -2.74793513294807e-01   2.64912423417492e-01   6.10038383792499e-01   7.40300225085193e-01   3.46855748950696e-01   7.59581123142226e-01   2.50507577048128e-01
   7.99253065312521e-01   7.61818016349557e-01   6.58968889173497e-01   6.43643940139458e-01   6.81718777310451e-01   7.59839681221894e-01   5.99548912459256e-02   8.05258855084706e-01   6.82362225842951e-01
   6.48051484334969e-01   5.42471492700356e-01   6.18568181801749e-01   7.19896248395157e-01   4.16363605195513e-01   6.74883001819858e-01   4.10396125977153e-01   7.77240525777533e-01   6.31605702166853e-01
   7.98997342521301e-01   7.69711091971039e-01   6.44299066215116e-01   6.98582497696181e-01   5.10742369923458e-01  -4.07083780520385e-01   2.46315559227275e-01   7.64226450167719e-01   6.24369664962686e-01
   7.05835372483800e-01   7.54896554618651e-01   6.54328943745917e-01   5.71768843913780e-01   6.25673957323915e-03   3.23045221656868e-01  -1.05869805029488e-01   7.90946244849020e-01   6.79992865563507e-01
   7.92145479955458e-01   7.27162032052147e-01   4.09995590114361e-01   5.60484487013090e-01   6.35723646430369e-01   4.95935353037639e-01   7.74473516972057e-02   7.33913099827820e-01   6.45205392503760e-01
   7.88940619611160e-01   5.52656514922786e-01   6.99366873002756e-01   1.40293818672572e-01   4.47788718170075e-01   7.10247131729156e-01   2.63987213324633e-01   7.97675678785024e-01   3.33878109794558e-01
   1.16153940558624e-01   7.45723137087666e-01   6.66683130740827e-01   6.55869318653325e-01  -2.31646996832629e-01   5.85126612754908e-01   3.28532505813334e-01   7.69499492554518e-01   5.01948809870237e-01
   8.20353364661710e-01   5.87251811554607e-01   4.59589315805826e-01   6.37212330173532e-01   5.39735204411944e-01  -3.08864303884685e-01   2.99690609491230e-01   8.17075373161590e-01   2.33593421952746e-01
   7.34377551623705e-01   7.39969034297542e-01  -5.94871191511196e-02   6.69130711402688e-01   6.98494544665434e-01   5.69725189441053e-01   9.94269978756101e-02   7.89068274585380e-01   2.03808332616068e-01
   6.32560503447585e-01   7.67844749827743e-01   7.14227555621001e-01   6.68532696612946e-01   5.58881855604814e-01   6.36594916735758e-01   2.03622688627897e-01   7.82963272762340e-01   6.61408353314663e-01
   8.10691241770493e-01   7.41351036276456e-01   6.02452058660359e-01   5.18412522057715e-01   6.33645358223666e-01   5.29176616770812e-01   1.15840416800164e-01   6.97606587509279e-01  -8.84778331144804e-02
   7.59159018142030e-01   7.23172428716621e-01   5.15345227984411e-01   6.24233610460396e-01   6.83089342951186e-01   6.53986644245032e-01   2.26189258913617e-01   7.43277188639977e-01   2.68397855805183e-01
   7.74901708157267e-01   7.77428220522004e-01   7.28986563935276e-01   6.03030421840601e-01   6.78518532973231e-01   5.51766542271705e-01   3.41491913875605e-01   7.17501831411713e-01   6.85025273544522e-01
   8.11989230838067e-01   2.41795901278059e-01   3.99964987401751e-01   4.92333762063240e-01  -4.24968545359924e-01   6.07500903743006e-01   3.13322505403304e-01   7.25110033410546e-01   6.33463437099064e-01
   8.06626394995856e-01   7.94224630324896e-01   6.50297393079066e-01   7.00436428456927e-01   6.74893374497094e-01   7.36310000675420e-01   4.31753577407309e-01   7.61478355070748e-01   6.70129206504057e-01
   6.35320019730294e-01   7.58459112215888e-01   6.73402755100885e-01   7.05152649823532e-01   6.29915469777706e-01   7.26960932670315e-01   2.37816429787028e-01   7.39137484816308e-01   5.21058782341386e-01
   7.54088435660409e-01   1.26684834724207e-01   5.13426492277586e-01   6.28365893581703e-01   7.27784719708204e-01   6.45451970087045e-01   3.69407509403953e-01   7.97923072062556e-01  -1.05043239327105e-01
   7.13429196621564e-01   7.07425912683555e-01   2.02251278020798e-01   6.90066052429493e-01   6.35420865999797e-01   3.74681808325122e-01   2.50345640504803e-01   8.40154089432299e-01  -2.16899326186272e-02
   7.90487799773099e-01   6.59586343102143e-01   6.85279356939226e-01   4.89626066593436e-01   4.71069803742528e-01   6.97212328255481e-01  -1.91148404754185e-01   8.02915841811378e-01   6.40496967036621e-01
  -4.08220938263183e-01   7.27952479089239e-01   6.60062807464639e-01   6.97368242597408e-01   5.32148748282873e-01   7.08778456895359e-01   3.11948333008956e-01   7.39809855074334e-01  -7.14086993172364e-02
   8.05779279128196e-01   7.71298408806010e-01   6.91736368378193e-01   3.52638315317247e-01   6.65993365693941e-01   5.09395257298686e-01  -5.95198745505960e-01   7.92508638867409e-01   6.78735158395844e-01
   2.01026740248132e-01   2.77520476743082e-01  -2.22368303923742e-01   6.69411419270947e-01   6.28553528278653e-01   6.47603774401009e-01  -6.54070912658184e-03   7.54468079488502e-01   5.07621224553333e-01
   7.88904528865762e-01   6.99659706634426e-01  -2.58395816588096e-01   7.53298976048203e-01   6.29152857962970e-01   7.58766550626328e-01   3.82756162135537e-01   8.79582689235899e-01   5.28086418420976e-01
   7.11756474832737e-01   6.09067268547178e-01   6.22675764889018e-01   6.50884001407583e-01   3.42154868417721e-01   6.38490512320069e-01   2.60734914563637e-01   7.53962288724228e-01   2.87268871537907e-01
   6.15741442632079e-01   7.31756272525077e-01   5.75130258288340e-01   6.32560588375501e-01   6.91302899172416e-01   7.02058452317085e-01   4.24885311713350e-01   7.48747374429083e-01   6.61347117762774e-01
