   9.23330410729466e-01   7.72843940004929e-01   6.89146088550096e-01   6.85147382513769e-01   8.90985137700547e-01   6.70932306659756e-01   7.49991424198566e-01   7.45245681837532e-01   6.69684995705075e-01   6.94236154058663e-01   7.00433061093371e-01   6.86065980325445e-01   7.55310647683423e-01   8.61644258133921e-01   8.26109701859948e-01   7.17177149607999e-01
   9.33728663630307e-01   7.70850079152572e-01   8.21098932301805e-01   8.00613064980838e-01   8.95637026810607e-01   7.35238952955340e-01   7.54973982856421e-01   7.55621942913855e-01   7.49973109933170e-01   7.58079385263683e-01   8.21281549609345e-01   7.28888764348600e-01   7.56820696094380e-01   8.66181923259917e-01   8.31983588292315e-01   8.37409552381481e-01
   8.93934412873024e-01   7.79209531133919e-01   6.21175829326818e-01   6.38037191709131e-01   8.51379065821243e-01   7.76671139835152e-01   7.60273570659723e-01   7.60394505579240e-01   7.72257707340951e-01   7.82936434535619e-01   7.01226780554030e-01   7.65974106386430e-01   7.67648803241711e-01   8.19359874315100e-01  -1.15138076590488e-01   6.83140360773423e-01
   8.20540278574233e-01   7.76019270140909e-01   7.54095219679292e-01   7.41089386290051e-01   7.98884287145536e-01   6.56288612513731e-01   7.52193055813341e-01   7.45392467436074e-01   6.50038240267562e-01   6.64901153957712e-01   7.61464300914738e-01  -1.90926427648962e-01   7.55566089289377e-01   7.80191548765564e-01   6.99788547475806e-01   7.74316751411647e-01
   9.36153892490820e-01   7.86896981669104e-01   8.16182462412965e-01   7.95261895933700e-01   8.97618107686062e-01   7.68495196635732e-01   7.65273012977483e-01   7.64872460373312e-01   7.57145014033354e-01   7.65501813679714e-01   8.16107666455521e-01   7.47400586794449e-01   7.74687604565258e-01   8.68622371885607e-01   8.35954690886299e-01   8.30244741066422e-01
   9.26103666340328e-01   7.67619207880909e-01   8.08732360634542e-01   7.90924927804681e-01   8.87944968996054e-01   7.58571485305746e-01   7.54360488945786e-01   7.56936062217277e-01   7.66821631934123e-01   7.74192615867258e-01   8.12093599154494e-01   7.47396901836352e-01   7.59351643744134e-01   8.56553375390604e-01   8.25537101837951e-01   8.25063294443635e-01
   9.26374070315126e-01   7.18830080740328e-01   6.01167914616715e-01   6.13674532583279e-01   8.93760555110343e-01   6.68727055284569e-01   7.00222111537033e-01   6.92245184687035e-01   6.65479653755312e-01   6.92611807283165e-01   6.01947494959507e-01   6.79806326669505e-01   7.07319175275494e-01   8.63996490836777e-01   8.29584438179814e-01   6.32118791890016e-01
   9.31533607047918e-01   7.72410404277446e-01   8.19141596946105e-01   7.98952244989067e-01   8.93566966213698e-01   7.77781855301961e-01   7.54981708972223e-01   7.56051031706542e-01   7.67148515832152e-01   7.75911950359446e-01   8.19626876081953e-01   7.57460115060824e-01   7.64502902452564e-01   8.66649981762749e-01   8.33973452429971e-01   8.33534177861775e-01
   9.36231211117245e-01   7.87577825524909e-01   8.16133904529522e-01   7.95222955995860e-01   8.97648254987988e-01   7.68662582520062e-01   7.66030985596620e-01   7.65585848319829e-01   7.57326334390979e-01   7.65616902569627e-01   8.16036534942860e-01   7.47575496688350e-01   7.75389168074353e-01   8.68534487942934e-01   8.35959351365720e-01   8.30182293530634e-01
   8.95437329874208e-01   7.45840767784957e-01   8.12825404698981e-01   7.93747495881074e-01   8.70067045940005e-01   7.92178352381878e-01   7.28684205866110e-01   7.26666712195738e-01   7.96784610306407e-01   8.07467627450780e-01   8.12524354452555e-01   7.82464239850573e-01   7.33392565866146e-01   8.55821743558906e-01   8.11813581795136e-01   8.25968001148421e-01
   9.08389680751614e-01   7.58510423769246e-01   5.86006485711068e-01   5.94451393932563e-01  -2.10226975995062e-01   6.89260464321190e-01   7.31578445660177e-01   7.25899025406120e-01   6.94422052704264e-01   7.12215844396351e-01   5.77706699865278e-01   7.04543222077534e-01   7.35372831640585e-01   8.43999078543749e-01   8.07881772647568e-01   5.95633273340071e-01
   8.99689302411209e-01   6.88893236235829e-01   5.54232260196447e-01   6.27232446411771e-01   8.58744868234756e-01   7.85250298627836e-01   6.76901423362351e-01   6.79946016614199e-01   7.90910852711064e-01   8.00333303559401e-01   5.98212616033258e-01   7.76698699354416e-01   6.80760192046817e-01  -8.66136230105264e-02   7.96038055563836e-01   6.12830270752256e-01
   9.10401727524171e-01   7.36484247971484e-01   8.16704511046885e-01   7.95713129740551e-01   8.78160789200355e-01   7.74725609304278e-01   7.19570964312001e-01   7.17957646662843e-01   7.62998124175351e-01   7.72216993116796e-01   8.16477682871221e-01   7.54876460440478e-01   7.27853852808326e-01   8.54724636999922e-01   8.17650915797024e-01   8.31138766386129e-01
   9.31937579629471e-01   7.57022708638124e-01   8.15026437179474e-01   7.95200657161087e-01   8.96856307577226e-01   7.08712048236603e-01   7.34990486631665e-01   7.31720163482609e-01   7.27116916297387e-01   7.34642409741348e-01   8.14804704549900e-01   7.04391436570286e-01   7.37364360075732e-01   8.67277746713831e-01   8.33613652916362e-01   8.30927806945570e-01
   9.01433553343033e-01   5.98575017937223e-01   7.78808180926541e-01   7.71660409288500e-01   8.67054270483821e-01   7.85700938811412e-01   5.83141859900038e-01   5.16020534741005e-01   7.89499901093585e-01   8.04634599626200e-01   7.83955767544019e-01   7.79082060854024e-01   5.70294869043727e-01  -1.24593671474751e-01   7.94022193176718e-01   8.00606814866439e-01
   9.31938345098341e-01   7.57132003009212e-01   8.15019220705692e-01   7.95223777686871e-01   8.96850328158337e-01   7.08636974504796e-01   7.35111253665775e-01   7.31840550223286e-01   7.27012322010959e-01   7.34547450515371e-01   8.14814550669896e-01   7.04256364330318e-01   7.37476512535752e-01   8.67267194405324e-01   8.33609965004572e-01   8.30939310835992e-01
   8.71798456075183e-01   7.45705754736850e-01   7.42678844120266e-01   7.23952049621324e-01   8.44715579650654e-01   7.78015530068828e-01   7.34239730630175e-01   7.31902507308119e-01   7.68462088901226e-01   7.77643576852918e-01   7.51167038337600e-01   7.54027505367936e-01   7.40993913580228e-01   8.12275933874727e-01   7.85081088241725e-01   7.61562184463023e-01
   8.68945736699781e-01   7.15663689671838e-01   8.11039430484738e-01   7.92637504171452e-01   8.30325229398148e-01   7.59511703339886e-01   6.90543258042598e-01   6.92785256384255e-01   7.62497558679030e-01   7.68401431258128e-01   8.11895172789305e-01   7.46147266332810e-01   7.03898488146436e-01   8.05470938517972e-01   7.70487482737039e-01   8.22958879957273e-01
   9.23356562033142e-01   7.12102375581066e-01   7.06954244010354e-01   6.95869599723518e-01   8.89407364940428e-01   7.72920911357843e-01   6.99906641322123e-01   6.97220518164703e-01   7.65346592795682e-01   7.76596278118473e-01   7.16897203365271e-01   7.56284424878685e-01   7.03055816136851e-01   8.58011588498285e-01   8.26025819195438e-01   7.29247815310674e-01
   9.21608173991424e-01   7.69812050845715e-01   7.68591926929647e-01   7.55535576134868e-01   8.86354708770579e-01   7.44011176252057e-01   7.58189562478738e-01   7.54175253389557e-01   7.50873781802536e-01   7.62686014368190e-01   7.64350299606034e-01   7.39929845587507e-01   7.61923901808853e-01   8.54935359860051e-01   8.21708998987321e-01   7.87791808047585e-01
   9.31895282283250e-01   7.57029585647932e-01   8.14985600305721e-01   7.95173457302456e-01   8.96826510456360e-01   7.08619771774924e-01   7.35000065582359e-01   7.31719567442517e-01   7.27067766756733e-01   7.34530843495794e-01   8.14778000534868e-01   7.04200968324515e-01   7.37369815119268e-01   8.67269121052834e-01   8.33586893111712e-01   8.30922920028196e-01
   9.23318097733025e-01   7.73257686136182e-01   6.89343729367468e-01   6.85528793697736e-01   8.90986812642706e-01   6.73024438462139e-01   7.50549684788931e-01   7.46080723234153e-01   6.72162198509991e-01   6.96262933187042e-01   7.01143638678988e-01   6.88706228432351e-01   7.56078474193383e-01   8.61548227592786e-01   8.26171796775127e-01   7.17521429371258e-01
   9.36176343044573e-01   7.86971798102031e-01   8.16175816726097e-01   7.95259707767958e-01   8.97637497590821e-01   7.68513980635316e-01   7.65305263730003e-01   7.64921987247308e-01   7.57170273076347e-01   7.65567112766643e-01   8.16052047304086e-01   7.47410152620751e-01   7.74742964852383e-01   8.68623812163811e-01   8.35965423937974e-01   8.30246065835911e-01
   8.67723252771671e-01   7.53152355967829e-01   7.71139833478753e-01   7.48365550350506e-01   8.31273588366342e-01   7.79358328981127e-01   7.41437414467521e-01   7.41703722255469e-01   7.71119634031642e-01   7.78708407061341e-01   7.75475045388739e-01   7.56776856893110e-01   7.46347237487684e-01   8.02782813615944e-01   7.69953084903708e-01   7.82341108038578e-01
   9.27139841673949e-01   7.82992734146551e-01   6.30425616827055e-01   6.44620730553518e-01   8.91627729177171e-01   6.47060979272417e-01   7.64858207393024e-01   7.58760007033233e-01   6.40493620796443e-01   6.66975543947605e-01   6.37719290513175e-01   6.55430961165884e-01   7.70816551562419e-01   8.60539980434120e-01   8.26754143440934e-01   6.64929495268691e-01
   8.42818566884657e-01   7.50528441300955e-01   6.22870337869342e-01   6.65996078608549e-01   8.14471936996715e-01  -5.83421623959713e-02   7.38144103174552e-01   7.31354269878790e-01   7.65319201032645e-01   7.68662032780967e-01   6.65431205915847e-01   7.51061861808965e-01   7.40253505983046e-01   7.74198249910793e-01   7.37556731857060e-01   6.80633001907889e-01
   8.67916322758732e-01   7.54629286348110e-01   7.72636954970714e-01   7.49777128918602e-01   8.31602416399417e-01   7.79459124279397e-01   7.42661400573661e-01   7.42911771595399e-01   7.71121162758363e-01   7.78745974036649e-01   7.76929435356713e-01   7.56852811753583e-01   7.47663545772110e-01   8.03239551676733e-01   7.70255751557492e-01   7.83761797220919e-01
   8.66954644793416e-01   6.40443122366784e-01   7.14551008226396e-01   6.99784647218920e-01   8.38525014904313e-01   7.22928448905539e-01   5.86620519699337e-01   5.88692487905647e-01   7.40884441379885e-01   7.51400489642612e-01   7.06077571231816e-01   7.15251966153043e-01   6.19309202845584e-01   8.21020471104527e-01  -2.11956966375211e-01   7.36738729586769e-01
   8.51811714994198e-01   6.79839249982268e-01   7.54064899219532e-01   7.44643293535849e-01   8.14409078201999e-01   7.65831435839463e-01   6.22565047625501e-01   6.28033927439678e-01   7.76745948171825e-01   7.91497410321130e-01   7.61023937288673e-01   7.69674600832412e-01   6.55670667197968e-01   7.85873737544411e-01  -2.94000126780272e-01   7.78394537424768e-01
   7.86650920081652e-01   7.43641300317544e-01   7.33466500912577e-01  -2.91490852631428e-01   7.83234108565217e-01   7.65868515231663e-01   7.32639180374225e-01   7.33481276591324e-01   7.72140403738865e-01   7.82825738969761e-01   7.41656966838476e-01   7.55929631804615e-01   7.37454130630720e-01   7.63863244681157e-01   6.53072525077909e-01   7.53978957657554e-01
