   9.99975982489007e-01   9.99963836685644e-01
   9.99975842754269e-01   9.99963347889415e-01
   9.99857365475648e-01   9.99779067316267e-01
   9.99967556471921e-01   9.99950457145287e-01
   9.99973854410010e-01   9.99961840001081e-01
   9.99977437266207e-01   9.99965892199979e-01
   9.99914692085084e-01   9.99866894286032e-01
   9.99973570343540e-01   9.99960816600464e-01
   9.99974676001928e-01   9.99962443608998e-01
   9.99977810805943e-01   9.99966486667121e-01
   9.99978171469760e-01   9.99967101222349e-01
   9.99977563769168e-01   9.99966615441213e-01
   9.99975598300574e-01   9.99963643881264e-01
   9.99976831774655e-01   9.99965120097046e-01
   9.99975614127773e-01   9.99963479483054e-01
   9.99978300271731e-01   9.99967287042736e-01
   9.99843144922381e-01   9.99755113807575e-01
   9.99975908534443e-01   9.99963881438653e-01
   9.99980015814508e-01   9.99969584234605e-01
   9.99854937138632e-01   9.99778180006402e-01
   9.99977912437304e-01   9.99966447543411e-01
   9.99980140929504e-01   9.99969912816841e-01
   9.99978343509323e-01   9.99967331950860e-01
   9.99975885669982e-01   9.99963916719572e-01
   9.99973807530648e-01   9.99960166566891e-01
   9.99971371994906e-01   9.99957055400972e-01
   9.99978066781349e-01   9.99966922203105e-01
   9.99978497383352e-01   9.99967433604284e-01
   9.99978544882622e-01   9.99967826252574e-01
   9.99978433818599e-01   9.99967066874981e-01
