   6.85941683772122e-01  -1.48971335498342e-01   3.26252916590572e-01   9.90852068223140e-01
   9.00453603473854e-01   6.59317016577064e-01   7.86608002647673e-01   9.96138019679960e-01
   9.00497299435969e-01   6.59272100350789e-01   7.86624425593766e-01   9.96139160977083e-01
   9.00550781133490e-01   6.59285771951412e-01   7.86642294140940e-01   9.96126667446554e-01
   8.89876907599975e-01   8.16963405570486e-02   2.10703097001071e-01   9.94465260814171e-01
   6.86091755625991e-01  -1.47570385538461e-01   3.25897377206746e-01   9.90916488190664e-01
   6.86012439112552e-01  -1.48242964970533e-01   3.25709686446915e-01   9.90926986695909e-01
   8.99997059731763e-01   6.58782187316063e-01   7.86640572463357e-01   9.96108489645940e-01
   8.89624900028362e-01   8.07424361278482e-02   2.09662762378544e-01   9.94439961713598e-01
   8.89743810806323e-01   8.11524521282704e-02   2.09673745221779e-01   9.94416247564004e-01
   9.00164848496295e-01   6.58963167839263e-01   7.86646258141687e-01   9.96147148828670e-01
   8.99981524705348e-01   6.58778415763586e-01   7.86634769913906e-01   9.96127525977951e-01
   9.00015817714735e-01   6.58862261377358e-01   7.86631661341467e-01   9.96136684293344e-01
   6.85958700042883e-01  -1.48238312127887e-01   3.25772241644858e-01   9.90910814196016e-01
   9.00234935638725e-01   6.59024497911893e-01   7.86639058329680e-01   9.96135590322684e-01
   9.00010871334171e-01   6.58831397960060e-01   7.86645398556612e-01   9.96125710945233e-01
   9.00177820588391e-01   6.58990044193218e-01   7.86637238140584e-01   9.96122133920359e-01
   8.89841897684612e-01   8.00547861443092e-02   2.09391741614927e-01   9.94491140092416e-01
   8.89757324666211e-01   8.08951944283725e-02   2.09923511574004e-01   9.94480853134455e-01
   6.85954056344533e-01  -1.48302337271784e-01   3.25367531312290e-01   9.90967944067252e-01
   9.00128150483702e-01   6.58930063996878e-01   7.86636723002409e-01   9.96134684257152e-01
   8.99976379820444e-01   6.58827019035031e-01   7.86653386494865e-01   9.96139273233788e-01
   9.00293943948659e-01   6.59139825389769e-01   7.86647197061143e-01   9.96144555394496e-01
   9.00249674815767e-01   6.58976712878024e-01   7.86592323044010e-01   9.96114374880720e-01
   8.99847880566548e-01   6.58695982870311e-01   7.86598705879342e-01   9.96132815000378e-01
   8.89642060546952e-01   8.01104029576511e-02   2.09131295207092e-01   9.94447133305005e-01
   9.00061177739663e-01   6.58911933266704e-01   7.86644975130662e-01   9.96143667941603e-01
   8.99947875508579e-01   6.58702736147725e-01   7.86612792706787e-01   9.96120765415826e-01
   6.85784575061329e-01  -1.49172343424928e-01   3.27140257903465e-01   9.90898449593862e-01
   6.85784334046296e-01  -1.48954022669951e-01   3.26593728064219e-01   9.90889341927986e-01
