   8.80719375072203e-01   7.45899800023554e-01   1.27263578340167e-01  -3.28680675039672e-01   2.63440324798131e-01
   8.56935470512525e-01   7.56922534217461e-01   6.01571115624521e-01   5.29091343413561e-01   6.29834352227724e-01
   9.08586047382120e-01   8.49835474043364e-01   6.76997708987044e-01   5.20963972773851e-01   6.41259879692779e-01
   9.02118507935829e-01   8.30873324168112e-01   3.93057607433285e-01   3.10893072321224e-01   5.10843280135757e-01
   3.07491038595271e-01   7.68206052398808e-01   4.90632015439187e-01  -7.55296570934153e-02   6.35798055367325e-01
   9.07402582346547e-01   7.80222638371862e-01   7.90933820608092e-01  -2.78262451805647e-01  -2.40677302708198e-01
   9.01021096421820e-01   7.89651253587470e-01   7.87849701896895e-01   5.89230943687713e-01   5.30869050966324e-01
   8.86132778863217e-01   6.94067376196075e-01   7.72291498563474e-01   1.12488339189114e-01   6.09691987878918e-01
   8.53518929407973e-01   7.71726987697881e-01   6.08790542247038e-01   3.91342975505204e-01   2.56752469076981e-01
   9.08462344152691e-01   7.46389256623377e-01   7.91708576979241e-01   5.92093623717205e-01   5.95830397640242e-01
   9.09139322890234e-01   8.37976876541387e-01   6.67453121434458e-01   3.72723803597761e-01   4.21032923781197e-01
   3.06848290813894e-01   4.84039227243789e-01   6.52144306801859e-01   4.91776198475914e-01   5.75871937665376e-01
   9.01162176787405e-01   7.89663152830936e-01   7.87973850708007e-01   5.89222194482259e-01   5.30883939566558e-01
   6.99569395500778e-01   6.81494396048266e-01   1.54909415360012e-01  -4.43689379972742e-01  -2.51523743055501e-01
   9.09204971929703e-01   6.66236609101610e-01   6.71504289660243e-01   3.65457880891107e-01   6.00814799925680e-01
   9.08459180736217e-01   7.46428664564937e-01   7.91691976916423e-01   5.92105379791783e-01   5.95888832297984e-01
   8.91049979969811e-01   8.40129154640544e-01   6.18455346022191e-01   1.39543887605522e-01   5.93077797896004e-01
   2.64449187910780e-02  -1.54547595979282e-01   5.26882397518638e-01   3.47321858960349e-01   4.96163422879809e-01
   9.01052575499305e-01   7.89564647769841e-01   7.87989752462815e-01   5.89236419031261e-01   5.30795084869185e-01
   9.03095344343748e-01   8.25406743859848e-01   6.13648038529115e-01   9.20994383876749e-02   4.95816861671126e-01
   9.08474548088807e-01   7.46384185857809e-01   7.91673824367017e-01   5.92108392007813e-01   5.96004970407796e-01
   9.01182306822616e-01   7.89641634685061e-01   7.87813734759960e-01   5.89198296042839e-01   5.30934423516388e-01
   8.60340725390945e-01   7.85775757546545e-01   5.94387842998128e-01   5.33065430418993e-01   5.44478070586351e-01
   4.53447284287476e-01   8.47310529226973e-01  -4.73841833444346e-01  -3.86635575485846e-01   6.04253166629302e-01
   9.06574472887746e-01   8.00884253496389e-01   5.84256045118249e-01  -2.91173956995969e-01  -1.03421109634648e-01
   5.10756911919591e-01   8.18138228020738e-01   7.49403846847248e-01  -1.94199113348432e-01   3.56604574654863e-01
   9.01111174902797e-01   7.89531069406954e-01   7.87913917672562e-01   5.89240199876904e-01   5.30898214414481e-01
   9.08473178202365e-01   7.46400068045002e-01   7.91724561041818e-01   5.92128976725306e-01   5.95984461333081e-01
   9.08583982867022e-01   8.49880431604370e-01   6.77116225159080e-01   5.21034649373199e-01   6.41273643703197e-01
   9.07739209298481e-01   8.32350997000957e-01   5.94138031111191e-01   3.86669626272626e-01   2.48324511345139e-01
