   7.57975847148878e-01   8.07592689486684e-01   6.41384017574685e-01   7.81767574874184e-01   5.52801467994725e-01   4.66122824970003e-01   6.05741546898130e-01
   7.71689921865323e-01   8.23473108377242e-01   3.65365652622741e-01   2.49513237509733e-01   3.77097667611161e-01   4.34864727715200e-01   4.78933741713370e-01
   7.61334447002741e-01   8.27214166406480e-01   6.54256792280659e-01   5.76821287428063e-01   5.50280296491083e-01   4.91084572038991e-01   5.51241848051878e-01
   4.83157687515423e-01   7.95590011122162e-01   1.29600939942989e-01   7.76332148287110e-01   4.14382251630527e-01   4.42392758714833e-01   6.26105559575851e-01
   7.50638856052018e-01   8.18105235335452e-01   6.81599196656231e-01   7.37769885098825e-01   2.70075575334707e-01  -5.52328034702053e-02  -2.74464261833173e-01
   8.03214358642673e-01   5.48828005941373e-01  -6.49988797340909e-02   4.68878731692101e-01  -1.07520749389285e-01  -3.05443121546985e-01   3.47832293462347e-01
   4.15422150913565e-01   5.69749719268635e-01   3.35111196226053e-01   7.68951500744048e-01   3.40074673332996e-01  -3.11481141452170e-01   3.31122036454640e-01
   6.44322565101502e-01   5.15634256785564e-01   5.57030181026517e-01   7.55376216946016e-01   5.09934215018797e-01  -1.19860392313891e-02   2.21033846269662e-02
   7.54845989517023e-01   8.12306530746139e-01   6.61741858707345e-01   7.70170066144024e-01   5.45806966849172e-01   4.59240739016392e-01   6.29345814148160e-01
   7.65382152702608e-01   6.29119859114301e-01   6.46591494753668e-01   5.47984588115314e-01   3.69805399831279e-01  -1.95248125921003e-01   4.57818405340134e-01
   5.96664263625301e-01   4.53418136774713e-01   1.82493279702630e-01   7.34989797206600e-01  -4.19986092859816e-03   3.23876508305407e-01   5.14228004907699e-01
   7.64933208344176e-01   5.61514633681796e-01   6.13513681655337e-01   6.67368652107478e-01   3.33323621404252e-01   4.42084093063567e-01   6.06333036590266e-01
   6.60770371954726e-01   6.92852837915399e-01   1.78707904235725e-01   7.74078038168789e-01   2.64783219229721e-01   3.59165586418413e-01   6.07158310511247e-01
   7.62421469894169e-01   6.88760224474994e-01   4.01441495295807e-01   5.04284296450478e-01   1.02427121131767e-01  -2.29452880765323e-01   2.82983660502797e-01
   7.93262413444984e-01   6.27420208567247e-01   6.96235339430438e-01   7.39243094869723e-01   3.54927145942456e-01  -1.48269660770046e-01   1.72647296549146e-01
   7.73900056316699e-01   7.97366909142203e-01  -1.05305408680816e-01   7.47466467851390e-01   3.80602058917108e-01   4.31035104428482e-01   4.63141565301976e-01
   6.10801795398534e-01   4.62288281902081e-01   6.34762695900317e-01  -4.51638625941376e-01   4.97874386430600e-01   4.29298969657755e-01   5.63686411548123e-01
   5.71334259608803e-01   7.10759286604770e-01  -2.91224404279822e-01   4.80102191654300e-01   1.64713016465126e-01   5.71148426802700e-02   6.01484494150244e-01
   6.47581048147014e-01   5.13982375933247e-01   5.95290708271468e-01   2.79510177315781e-01   4.57971858339663e-01  -4.26002009549809e-01   5.72446097751983e-02
   7.27780692486273e-01   5.68644932408636e-01   3.96299980607517e-01   1.78928473081048e-01   3.10501309996720e-01  -1.82086002652192e-01   1.52063788102107e-01
   5.89287722637461e-01   6.49989181590022e-01   3.32734588661924e-01   3.59485644194592e-01   3.27781411527272e-01   2.82614382040296e-01   2.28678840457219e-01
   8.09862447389376e-01   8.18632026876086e-01   6.77853754311116e-01   6.01804487061851e-01   1.27400107122403e-01   4.08929320663778e-01   2.63110836451820e-01
   2.99787002182228e-01   8.21236793754365e-01   6.53623996085757e-01   7.61056530309762e-01  -2.39624770074189e-01  -2.61375717027439e-02  -5.64998443728160e-02
   7.63896292730176e-01   6.07472107880052e-01   6.58709051637723e-01   6.04740972212946e-01   3.41554361675540e-01   4.37915114163849e-01   3.39682513629481e-01
   2.89451773349070e-01   8.25223172922252e-01   6.56857358967399e-01   7.52270063586083e-01   3.22314785632683e-02  -2.76550285698711e-01   2.65957708992124e-01
   7.20570320726814e-01   8.20059268111193e-01   6.42661720507289e-01   4.84369864667828e-01   2.45152821883170e-01  -2.79482071507597e-02  -1.95515827993390e-01
   7.81031627271256e-01   7.97354784983290e-01   3.14761346002737e-01   6.08808575359628e-01   1.04442473580500e-01   2.73142331696671e-02   2.67478224379392e-01
   7.17869219644309e-01   7.61734342438395e-01   3.77892805282299e-01   4.69591435512332e-01   2.54899153180796e-01  -1.94172467692355e-01   1.06963495112318e-01
   7.50299916368670e-01   8.05032646044711e-01   5.17693370102394e-01   7.44705069660401e-01  -5.29046990125113e-02   3.33374597814133e-01   2.78418926558756e-01
   7.47169076996125e-01   7.70316332034999e-01  -5.81607764074884e-02   7.36462159612794e-01   2.00141395305222e-01   9.20868680642196e-02   3.99778602627294e-01
