   7.91351150750994e-01   2.20336174668364e-01   5.31533091559166e-01   3.92063598763811e-01   7.87637291642505e-01   6.62553990110329e-01
   8.02499172769674e-01  -1.63788637338415e-01   5.45441955600117e-01  -6.89816233305362e-02   7.98534994602447e-01   6.91636848754742e-01
   7.63863281801351e-01   7.63007036657678e-02   3.87241980026386e-01   5.31184547533797e-01   8.01884517417391e-01   6.94365307900448e-01
   1.84573927329652e-01  -4.39403269927236e-01   4.64761400684936e-01   1.76306450250014e-01   6.72921605753563e-01   6.81937487151931e-01
   6.71845852484400e-01  -1.76978852510883e-01   4.01890987960063e-01   4.33878371786227e-01   7.41671648279318e-01   4.42665070475222e-01
   7.99569903855616e-01  -8.14409317529883e-02   4.12153163067325e-01  -2.41023359811472e-01   2.66190207535299e-01   4.55506579852553e-02
   7.20468999912516e-01  -1.71173157533224e-01   3.37527675570636e-01   5.36335822711337e-01   7.27793454815561e-01  -3.87195396755626e-02
   3.52617089089437e-01  -1.69737598283104e-01  -1.31916748167202e-01   3.69166531313656e-01   6.56546636460591e-01   6.35700706720095e-01
   7.66652895314990e-01   1.27750422561749e-02   3.23699684472199e-01   1.70064615477156e-01   5.88532533613230e-01   2.52620572316395e-02
   6.57349545345379e-01  -1.72883541216057e-01   5.21400665122204e-01   5.35696226385431e-01   5.49723862803989e-01   5.17691538577179e-01
   5.38211547299279e-01   7.91483982296671e-02   3.56155910199497e-01   5.09871880390769e-02   8.02995262391829e-01   6.95387426673854e-01
   7.60913414728495e-01   2.24429871526406e-02   3.12546200987048e-01   4.39235900721691e-01   3.70609547347700e-01   1.26604315399910e-01
   4.36795622443475e-01   2.59797473205918e-02   5.26376382351863e-01   3.45740878217638e-01   6.63124596150508e-01   2.53612675036155e-02
   7.62560303394992e-01   1.37692985053025e-01   4.18565136369207e-01   5.40318140616426e-01  -2.96896203230532e-01  -2.21435797626739e-01
   7.75234379124830e-01  -4.49425711290941e-03   5.38464208305125e-01   3.01145659715612e-01   5.32099940739287e-01   6.79668521215834e-01
   7.80626163835251e-01   2.67477142362444e-02   4.32296773162625e-01   4.31092138654897e-01   3.50476679603588e-01   2.96348853312196e-01
   2.48677772235748e-01   8.25426294805291e-02   3.44837088608420e-01   6.89625762299292e-02   7.46684121695725e-01   1.95063934615841e-01
   3.04605647541120e-01  -3.24797083881649e-02  -1.92882037952464e-01   1.90833502185497e-01   7.76184450969215e-01   2.20454919634725e-01
   7.93811977103844e-01  -3.90787682146057e-01   2.88203253787085e-01   2.33721914953479e-01   8.10285257369484e-01   3.99445964312550e-01
   6.47363796912032e-01  -3.07256353152612e-01   3.06606334912426e-01  -5.95077017232139e-02   5.26101323750419e-01   4.66197856651410e-01
   7.82621427779069e-01  -2.13757928384685e-02   4.02110991889301e-01   1.54137466263775e-01   6.92256449984888e-01   5.08814475045919e-01
   7.18994975959149e-01   1.32701791797784e-01   2.90118309700354e-01   2.80581519308713e-01   6.59205373777191e-01   6.90718522881170e-01
   2.98665924613085e-01   1.37497112809583e-01  -2.48053102295379e-02   5.33842854641623e-01   8.07216196140065e-01   6.85799889891201e-01
   3.49725414689383e-01   5.42475886286738e-02   2.68514440632312e-01  -5.09236618575162e-02   7.43956491260769e-01  -2.57844624543065e-01
   7.88372015509538e-01   6.63351698031384e-02   5.24410207556879e-01   5.36618326563779e-01   8.08689242769747e-01   5.71493326787321e-01
   3.74079977908288e-01  -2.17638461596414e-01  -1.40914373058718e-01   1.18085169833011e-01   8.10659964813294e-01   6.88513527317125e-01
   7.26931187035476e-01  -2.07327843242544e-01  -1.19052647355858e-01   2.02061114592011e-01   5.42101390022040e-01   6.86144853155270e-01
   6.93882751279405e-01  -6.40929190870668e-02   3.00622647537037e-01  -5.17867419458967e-02   7.78861221664092e-01   6.60860122034103e-01
   7.78040445530605e-01  -1.89938565399047e-01   3.73012966945822e-01   3.79503188963796e-01   8.11446198095437e-01   2.81607029614619e-01
   7.69650637777985e-01  -1.73661287762488e-01  -3.59882248129303e-02   4.08249178937293e-01   2.60303828865105e-01   1.86641652681565e-01
