   8.24270370288293e-01   8.50819828818986e-01   7.20005843741002e-01   6.53894984551728e-01   6.96942413673029e-01   6.70068849769175e-01   7.27416139855889e-01   7.21725206506744e-01   8.39356638482370e-01   7.19813112716080e-01   6.97055828106188e-01   6.02327438649384e-01   7.14392447684263e-01
   7.36315788775399e-01   8.77698100836234e-01   7.61953828946879e-01   3.05554527505379e-01   3.21913554789666e-01   5.77898453256692e-01   6.35311853996422e-01   6.55324695333821e-01   7.45712373777370e-01   3.29611174071551e-01   5.78149894344186e-01   4.50357028310752e-01   7.24509873198524e-01
   7.26213276392905e-01   7.40653846290609e-01   6.48891701375969e-01   4.74920506660964e-01   6.10491395744504e-01   6.08564663011751e-01   6.96555770729000e-01   7.09044623258488e-01   7.62563966179254e-01   5.76951620606549e-01   1.06770152334201e-01  -1.68091887670532e-01   6.08693444213488e-01
   7.55483351306852e-01   7.87939838705686e-01   6.33017664526129e-01   5.16477091345873e-02   5.99150684098693e-01   5.93941662730785e-01   7.42472396122644e-01   7.65313149264143e-01   8.43789032088347e-01   7.71632362479484e-01   7.23544486862194e-01   2.31775892795951e-01   5.52233664189025e-01
   7.25958678412122e-01   7.62532572120974e-01   6.01108165040744e-01   3.43742994455254e-01   4.75755177564743e-01   2.35724015093238e-01   5.08886412913554e-01  -2.84263507870716e-02   7.38856845058440e-01   6.25458824661663e-01   6.26094442470464e-01   3.56804438543306e-01   1.42270306289487e-01
   7.50873908377542e-01   8.28507252044536e-01   7.55110147858777e-01   5.01595086354207e-01   6.72553791400125e-01   5.88003704149024e-01   2.36533569196791e-01  -2.58123017141267e-01   7.23083172670053e-01   5.36852103243588e-01   4.99557528384773e-01   6.40674923448090e-01   6.81263094757368e-01
   3.46497231451496e-01   8.00812624707122e-01   6.47486311625065e-01   2.33646078184163e-01   5.42575387972775e-01  -1.73599213155288e-01   6.37169941076441e-01   6.46249392420337e-01   7.55061369514083e-01   5.96619043881014e-01   5.72714993354443e-01   5.03885041595263e-01   6.17249789989324e-01
   8.51421985121770e-01   7.83109798197006e-01   6.31609306071924e-01  -9.31601207687349e-02   5.93385153345691e-01   7.21588260223945e-01   6.31192925066083e-01   6.52886880450615e-01   7.95832406194947e-01   3.50379713517018e-01   6.93093893609200e-01   4.51322770655686e-01   5.60167354979531e-01
   7.60863924617276e-01   8.94128287566636e-01   1.98244090195177e-01   5.42471168203027e-01   2.85675213746045e-01   6.03889668192514e-01   6.60682036802510e-01   6.39884141590197e-01   7.65690668823243e-01   5.83212456285192e-01   5.88725297690173e-01   4.87364383050814e-01   2.13379119394704e-01
   3.45866949068421e-01   8.04686272304036e-01   6.43517385100943e-01   2.43709577925176e-01   5.71819638928947e-01   7.32413860385853e-01   6.19363234247360e-01  -2.04532037398332e-01   7.47680298135278e-01   5.93302734795498e-01   5.72429062474100e-01   4.56294178973978e-01   4.58307990510840e-01
   7.54273828651828e-01   7.96782010089580e-01   6.16166270200375e-01   5.08763383763646e-01   5.80910211096001e-01   5.79208147162850e-01   2.37385704065992e-01   7.41167983817841e-01   8.62447255610066e-01  -1.38904207224933e-01   7.29328002479158e-01   6.22821114745022e-01   5.49640962469767e-01
   7.63777260215644e-01   8.79901572591854e-01   2.00943580254075e-01   5.13459844298607e-01   2.13671526965623e-01   6.11364643327746e-01   5.52770938985767e-01   6.32310836284990e-01   7.58772891360883e-01   5.84851583033595e-01   5.85820039224204e-01   2.33557401665184e-01   7.13566303245603e-01
   7.11614095405614e-01   7.92131932446972e-01   6.70510289557857e-01   4.22253554660026e-01   5.98760821358204e-01   5.90074074907628e-01   5.87093887937756e-01   6.23159702328541e-01   2.36835941471983e-01   7.34074127964771e-01   3.30546964337286e-01  -1.80418225287302e-01   5.66036025293726e-01
   7.54660518040463e-01   8.36928352954545e-01   7.13370610590722e-01   5.43291922060785e-01   2.82550753933679e-01   5.97234000413239e-01   7.54251519788932e-01   2.96069431579189e-01   7.49677287919130e-01   5.70167141130668e-01   5.79056874607696e-01   6.47952873682081e-01   6.97765629394105e-01
   7.66038293297443e-01   8.50593993347171e-01   7.63482980972248e-01   4.71855062339208e-01   7.23934950381779e-01   6.08148828232084e-01   7.35018752400108e-01   7.62003404505092e-01   8.42323231487787e-01   7.71265684282628e-01   7.15486125788369e-01  -1.61166912868683e-01   6.75784225317121e-01
   7.35218901895668e-01   2.45406481836937e-01   1.54052688864449e-01   4.88284964284733e-01   7.04087026185510e-01   6.18041283668957e-01   6.00537404151751e-01   6.12883579317880e-01   7.35672187589892e-01   5.18929552508574e-01   1.82694793386276e-01   3.98885968400460e-01   7.13471733907467e-01
   7.34806716908519e-01   8.83340941847646e-01   2.73090323919857e-01   5.07599078602144e-01  -1.53755549375844e-01   5.87272384218602e-01   5.51718641295882e-01   6.38221080847525e-01   8.41530375612285e-01   7.66662166874651e-01   7.18836941962696e-01   4.91705886450043e-01   7.12763826224833e-01
   6.61364873232521e-01   7.91157296874500e-01   6.73614065002874e-01   2.91584332878772e-01   6.04626929977570e-01   5.56353933889735e-01   7.29351394584869e-01   2.43238360461172e-01   7.59618938189209e-01   6.03832262290181e-01   5.90066668485939e-01  -1.45937332420974e-01   5.73950052586322e-01
   7.35136485454904e-01   8.83151811590243e-01   7.67672303443535e-01   2.48762834343224e-01   2.66192559718834e-01   5.74934811222262e-01   6.17002362445887e-01   6.30124429394700e-01   7.50097592499348e-01   6.08158418775943e-01   6.06385133092512e-01   4.85048963210869e-01   2.30117837681929e-01
   7.29447402363437e-01   7.45949127440768e-01   5.50529610233294e-01   5.93629561465862e-01   5.04822472636493e-01   6.37628539162922e-01   6.19880220571819e-01   5.92750318663942e-01   8.08688960500787e-01  -1.35843909053224e-01   6.72514689624758e-01   3.49473202873361e-01  -1.25184501180047e-01
   7.37190706864351e-01   7.95450664861339e-01   2.79632812945375e-01   5.18320613541282e-01   5.56660211613785e-01   5.86773823075515e-01   6.34919984780575e-01   6.60315063902270e-01   8.55100230146265e-01   3.45922397018690e-01  -1.72126003684139e-01   4.57200910660958e-01   5.24688053969229e-01
   7.74579204344745e-01   7.89142926672976e-01   6.35553776182341e-01   6.65235649951300e-01   4.95578775337877e-01   6.82923291350331e-01  -6.39318799451109e-02   7.47145534200364e-01   8.08372864529684e-01   6.66035447497786e-01   6.96080515865040e-01   6.21042969031948e-01   5.66221120514860e-01
   8.51973584652452e-01   7.99237930177510e-01   6.49281011795334e-01   3.04437222330929e-01   5.42281844678624e-01  -1.83864556127955e-01   6.39937443990788e-01   6.56268583210402e-01   7.48982506930389e-01   3.31861959365951e-01   5.85094573459642e-01   4.57725370992112e-01   6.17925342794033e-01
   4.41788604339115e-01   7.93170051202145e-01   6.45291222851629e-01   6.84914617111901e-01   5.41140569069451e-01  -1.81446510750176e-01   5.94926616588722e-01   6.01498910110589e-01   2.87202642711176e-01   6.16336693166986e-01   5.87118443296321e-01   3.91118087094600e-01   6.11323796835010e-01
   7.28273272594726e-01   8.20366411698711e-01   7.24492987865178e-01   4.76322051802455e-01   1.99284783084152e-01   4.92239623471579e-01  -4.82708640992553e-02   5.57028592493693e-01   7.34915171684457e-01   6.20523596899013e-01   6.28715543617293e-01   4.34048168489703e-01   6.08074776320042e-01
   7.97643428194012e-01   7.38734196266067e-01   6.06220186069461e-01   6.20520096436441e-01   5.04866948219818e-01  -1.87085440713992e-01   6.93189558089206e-01   6.96997235626850e-01   7.24052332535002e-01   5.21836896148826e-01   6.00361719128381e-01  -1.09749686729764e-01   5.68640218242081e-01
   7.61936148090867e-01   7.77111970163011e-01   5.99076333867840e-01   5.09770351201734e-01   5.05623213352907e-01   6.15956174035125e-01   6.54563927692659e-01   6.10433862749604e-01   8.46283969017210e-01   7.16721205582601e-01  -1.63912726721284e-01   2.56860566003460e-01   2.73778538908253e-01
   7.34635409816600e-01   8.87482811565299e-01   2.57145673172216e-01   5.20341349952804e-01   7.14862723771379e-01   5.84734727794638e-01   2.57407322173826e-01   6.37429691444157e-01   7.49653556783177e-01   5.37999211970733e-01   5.72906302683948e-01   4.77521370094495e-01   2.11176741889107e-01
   7.35223737932539e-01   8.83153291424197e-01   7.67675727810052e-01   2.48736560822926e-01   2.66269734239201e-01   5.74952201978535e-01   6.16968133051184e-01   6.30036383661022e-01   7.50095684787421e-01   6.08132297512651e-01   6.06438292489182e-01   4.85070184782111e-01   2.30063836934860e-01
   7.53352923697104e-01   8.01910616759612e-01   6.33862459462823e-01   5.04555237924354e-01   5.81736172385020e-01   5.78186597913362e-01   2.40023757997556e-01   7.41834037623025e-01   8.61389215569572e-01   7.32626168819254e-01  -1.84368561969582e-01   6.22735460280283e-01   5.72772383443963e-01
