   7.37978970301340e-01   7.37234396018886e-01   6.70783584573882e-01   7.08966910193638e-01   7.30461725995630e-01   6.14250507231520e-01   7.92789487044086e-01   5.66315640871972e-01   7.03236719312903e-01   7.36499928132307e-01   6.22561762681794e-01   6.98202874615783e-01   6.87909990071381e-01   7.31406395000049e-01
   7.32969133646770e-01   7.50682007967856e-01   5.59906942875284e-01   7.46444147604186e-01   7.21084376047817e-01   5.62382067622764e-01   7.43580600078594e-01  -2.45841089937409e-01   6.91845225773225e-01   6.71380162250833e-01   2.69765048818172e-01   6.77319965510324e-01   7.08558160362080e-01   5.58643687597329e-01
   7.64880241929785e-01   6.64119820260566e-01   6.69332607786663e-01   6.45844371392941e-01   6.21274087731704e-01   6.06173131501181e-01   2.36990175443720e-01   3.40744656964909e-01  -2.47004167214720e-01   6.94056978561101e-01   6.15523187460134e-01   6.89884887908236e-01   5.87879291888590e-01   5.95186998029346e-01
   7.79214789963557e-01   6.94599931956620e-01   5.13160284722596e-01   6.93972915391456e-01   6.61830399846193e-01   4.49762942160461e-01   7.95828464038832e-01   4.42634993305802e-01  -2.53160455980119e-01   3.59029009416884e-01   4.56789553167402e-01   6.78798859531994e-01   6.50746866256001e-01   6.23538225029075e-01
   6.74818942874848e-01   7.18980491265782e-01   6.53775203292818e-01   6.69563641159047e-01   6.58685994922753e-01  -1.43001644152740e-01   6.90699812155971e-01  -1.62681273755930e-01   5.87028546499334e-01   5.64137784687690e-01   6.19782670785305e-01   7.19759650647795e-01   6.33252516498295e-01   6.81133158238393e-01
   7.74434741784330e-01   7.41270086783012e-01   5.98838140997252e-01   7.35756272327200e-01   7.09358613571299e-01   5.39078435500397e-01   2.57895747391278e-01   3.59012305420114e-01   7.28263490207920e-01  -2.92124343387068e-01   5.28288914810638e-01   6.56177753951280e-01   6.97038536585318e-01   6.23039346651005e-01
   7.40192877143901e-01   7.38899632919234e-01   6.02550326284890e-01   7.34359970569423e-01   7.07467752993629e-01   5.08331107563003e-01   7.93588151970261e-01   5.79320714587509e-01   7.09557637481392e-01   7.24759017146532e-01   4.73313285430390e-01   6.89465492703317e-01   6.95868420507938e-01  -2.27514818810345e-01
   7.30542894665564e-01   7.94387120460099e-01   5.36210684706130e-01   7.82490562410916e-01  -3.43214535112013e-01   4.96812405715951e-01   7.37789481412639e-01   4.15051500302363e-01   6.84787673470288e-01   6.63232750549361e-01   4.83010964822434e-01   6.86334330334024e-01   1.99651356043173e-01   6.04994069217450e-01
   6.74897867941613e-01   7.40204050951323e-01   5.94993648968551e-01   7.35638209002571e-01   7.09275371138852e-01   5.37960472228691e-01   6.47298673286696e-01  -1.41451970419496e-01   5.52643984124022e-01  -7.36909178462117e-02   5.29872253725664e-01   6.48632812312867e-01   6.98556097879562e-01   7.45144053977600e-01
   7.30837721365551e-01   2.73556169301469e-01   5.96125412249148e-01   7.89259666075435e-01   7.68990300826873e-01   5.59900860533936e-01   7.36023910318770e-01  -3.51432150248269e-01   6.85338966611208e-01   6.61138530135174e-01   5.72018808040577e-01   6.93392793107382e-01   7.45058380644923e-01   5.39185782454110e-01
   6.78796754178739e-01   7.13233956139148e-01   6.89865266927530e-01   7.17543901407924e-01   6.81455595263541e-01   1.20076674041500e-01   7.10991673414043e-01   4.22738498908043e-01   6.30729782407851e-01   5.88316879866622e-01  -2.65220516777676e-01   7.62308650249258e-01   6.69594214481581e-01   6.15828243549121e-01
   6.63929419959665e-01   7.41385627068862e-01   7.16879573812018e-01   7.36986881726217e-01   7.09234572289884e-01   6.61125738115407e-01   6.96282761613145e-01   3.45674657538434e-01   6.09748989358288e-01   5.70072628501791e-01  -2.55692812081048e-01   1.20184362800709e-01   6.98031874065091e-01   6.09868750347416e-01
   6.70484597570244e-01   6.91874456383959e-01  -8.31470038791440e-02   6.37407014836395e-01   6.50056659552639e-01   6.09815802053601e-01   7.04394901904882e-01   4.93967599276512e-01   6.21187923023888e-01   5.94127935735453e-01  -1.09108892861880e-01   7.37113983612958e-01   6.08995234673091e-01   6.33097632802542e-01
  -1.65083234225610e-01   6.28995382261892e-01   5.01704600029241e-01   5.66208859738717e-01   6.55415418625361e-01   4.60915101663018e-01  -1.29506171287914e-01   4.96131165691368e-01   7.12839671356999e-01   7.07580304530433e-01   4.06055170809731e-01   6.23298433386718e-01   5.60464835196037e-01   6.35949559721309e-01
   6.41071984632275e-01  -3.11956544056814e-01   6.71677711380254e-01   2.22034751307639e-01   7.41435634048139e-01   6.08491729688559e-01   6.57238572181646e-01   3.74701096681726e-01   5.62725708093789e-01   5.50879501778644e-01   6.17957828385285e-01   6.92577602040926e-01   7.13413131202907e-01   5.95264731641813e-01
   6.57584386495687e-01   7.35252967533905e-01   1.38899410878800e-01   7.30214873680695e-01   7.02661940070950e-01   6.56770148778336e-01   6.73415125252219e-01   3.83688742935761e-01   6.07291715784409e-01   4.28190691228317e-01   6.68665093256347e-01  -3.34491859984674e-01   6.91022481493134e-01   6.34187217630036e-01
   7.25644976248120e-01   6.01981324705508e-01   7.13931571192509e-01   5.71804591956322e-01   5.74462702689798e-01  -2.61969579808030e-01   7.38791858801027e-01   4.28193447232414e-01   6.81606003354271e-01   3.25979868946714e-01   6.83219462831966e-01   7.72935151002293e-01   4.87266933504822e-01   5.89772365993329e-01
   7.23894250805401e-01   7.91039157134092e-01   5.79166924967273e-01   7.82780238451214e-01   2.30200971027324e-01   4.45074232996767e-01   7.32133091714194e-01   3.75467415979392e-01   6.78613370200864e-01   6.54787292442265e-01   5.46995305594960e-01   6.74492463141182e-01  -2.90801617968989e-01   6.16626378963901e-01
   7.27314341387749e-01   6.68186695788093e-01   5.90203710947757e-01   6.32737281202948e-01   6.49227703378054e-01   5.63152277567627e-01   7.33275383120379e-01  -1.23910144942223e-01   6.84384344408043e-01   6.63218614469730e-01   5.74648129911777e-01   6.93290230971134e-01   6.02576976626532e-01  -1.46929064225363e-01
   7.24788802012842e-01   6.99562427695406e-01  -2.57768109876053e-01   6.55343930150611e-01   6.53676098260926e-01   6.48720183322530e-01   7.32536422846747e-01   4.75206515986205e-01   6.79255698494601e-01   6.57879845678545e-01   2.87835878948078e-01   7.77129762802840e-01   6.13818455725428e-01   5.99488325988021e-01
  -2.33982689889412e-01   6.32631350784185e-01   6.11674309408623e-01   6.03489826493583e-01   6.11025812495171e-01   5.50054455677509e-01   7.17037287340756e-01   5.01908120589493e-01   6.44874602378293e-01   2.91872589931257e-01   5.17769843957567e-01   7.00515198468068e-01   5.89389285085484e-01   6.62404036298484e-01
   7.46322128918937e-01   6.25848331549974e-01   5.61934072912268e-01   6.06556011206384e-01   5.93664312650334e-01   4.89261758742102e-01   7.41913619648688e-01   5.68854308332798e-01   7.09666080512219e-01   6.48963461190587e-01   4.29537511377354e-01   6.55237923956030e-01   5.72508157197501e-01  -2.78799532041340e-01
   7.44014465373159e-01   7.25170023629811e-01   6.75861612398757e-01   7.27256842201294e-01   6.93413592368795e-01   6.45296794732479e-01   8.00150572755397e-01   5.71112796809554e-01   7.11675713752577e-01   7.35924658019588e-01   6.60342997285251e-01   7.47801200816195e-01   6.82019914979836e-01   7.36287257810387e-01
   6.66570216120763e-01   7.02874332476404e-01  -9.35388770053358e-02   6.65000508111043e-01   6.77725124624386e-01  -2.49922272082243e-02   6.99587017058551e-01   4.95398030527870e-01   5.96035380750995e-01   5.67608257420344e-01   6.25646773640887e-01   7.29998772928008e-01   5.86321792189608e-01   6.34474489152788e-01
   7.44909226304587e-01   6.30732750514672e-01   6.01896426004377e-01   6.15147067699262e-01   5.92006604957740e-01   5.68972302568193e-01   7.64960623005771e-01  -1.49414932598889e-01  -1.89776853648212e-01   6.96313879174891e-01   5.79471013987084e-01   6.81063850338417e-01   5.58908705407720e-01   7.12380832828617e-01
  -1.05989479000414e-01   6.70589542079076e-01   4.96449512688679e-01   6.53262888690002e-01   6.44707310496914e-01   4.56325433487398e-01   7.37829802922837e-01   5.85622126730905e-01   6.77531115898005e-01   6.45625332662698e-01   4.04918051230452e-01   6.06017896035053e-01   6.33489074193262e-01   7.24935440874485e-01
   7.14048511112144e-01   6.45196097857395e-01   5.16649737778672e-01  -8.59583285645347e-02   6.23890635418981e-01  -5.76147479593417e-02   7.30313439109500e-01   4.94229205738418e-01   6.78282189299445e-01   6.65373071474946e-01   4.67462532211404e-01   6.27469818534688e-01   4.59688048181773e-01   6.26673577576314e-01
   6.43343351872027e-01   7.60428189767276e-01   6.65159006090730e-01   7.46821907547299e-01   2.29117481636103e-01   6.05345168494235e-01   6.60919900313689e-01   3.55118348068024e-01   5.65065720793141e-01   5.89152831445806e-01   6.13316380426320e-01   6.88359325934712e-01  -2.84112131351876e-01   6.03235550995589e-01
   7.04967416230361e-01   7.11446470237953e-01   6.50263070746297e-01   6.99447018216168e-01   6.84158857358872e-01  -2.74981824145191e-01   6.95079542489789e-01  -1.58567694438026e-01   6.16581461547975e-01   5.74881208179448e-01   6.19049216121476e-01   7.20218177280976e-01   6.08310390644797e-01   6.93207749046156e-01
   7.65264874712354e-01   6.67612215536199e-01   6.72427028122748e-01   6.52942630658174e-01   6.29136068128243e-01   6.11607060062368e-01   7.80439722082288e-01   4.39348571126489e-01  -2.53536101584819e-01   3.48217555037705e-01   6.19838183017691e-01   6.94472916392906e-01   5.85840736120057e-01   6.22169291267247e-01
