   9.20637655953573e-01   9.52371163274960e-01   8.63262371683631e-01
   9.20583782643542e-01   9.52395853845732e-01   8.63242478193270e-01
   9.20668278665994e-01   9.52394291704201e-01   8.63316776416404e-01
   9.20640561740367e-01   9.52404571634089e-01   8.63315220955482e-01
   9.20614781371748e-01   9.52423791415191e-01   8.63286145339975e-01
   3.96817853510438e-01   9.43049076737964e-01  -2.22146058638197e-02
   9.20671544695291e-01   9.52404804639516e-01   8.63316206076357e-01
   9.20622062610173e-01   9.52419961979170e-01   8.63272840572280e-01
   5.52907929311990e-01   9.53349942281003e-01   2.62433491889823e-01
   9.20611479335599e-01   9.52429257799003e-01   8.63235866559936e-01
   8.85720532141655e-01   9.43212187331685e-01   7.96261376591675e-01
   9.20601894002329e-01   9.52420374785954e-01   8.63249046584169e-01
   9.20634217921609e-01   9.52417989736324e-01   8.63237414340451e-01
   9.20642337011882e-01   9.52388536760187e-01   8.63277194359541e-01
   9.20602210828895e-01   9.52413550743619e-01   8.63232606552135e-01
   6.85320937891293e-01   4.27953323706066e-01  -3.57297448928602e-01
   9.20650684611814e-01   9.52408835330653e-01   8.63268081879272e-01
   9.20597104718916e-01   9.52439562703165e-01   8.63208631244016e-01
   9.20637560558089e-01   9.52407808958948e-01   8.63273013177128e-01
   6.04759193902303e-01   3.55119719611641e-01  -5.47428962863156e-01
   7.07763936894659e-01   3.37201858843930e-01   8.08093357952186e-01
   9.20602319419554e-01   9.52431134487023e-01   8.63269390218436e-01
   9.20618528408286e-01   9.52421984345581e-01   8.63246146668503e-01
   9.20609747486979e-01   9.52431367127760e-01   8.63273278416425e-01
   6.89175094978798e-01   4.58452586775387e-01  -3.28851377765432e-01
   9.20631845732235e-01   9.52406260139540e-01   8.63264138834095e-01
   6.96921190700928e-01   8.70764258502498e-01   2.84247507366361e-01
   9.20581406657861e-01   9.52435989039744e-01   8.63211305037558e-01
   9.20638498217224e-01   9.52430782101334e-01   8.63249784547694e-01
   9.20616965208204e-01   9.52438242427281e-01   8.63205727060200e-01
